0.000000000000000000e+00 4.984686949893618602e-01
1.000000000000000000e+00 2.027871537039639682e-01
2.000000000000000000e+00 1.228439490918522697e-01
3.000000000000000000e+00 9.372706493340682288e-02
4.000000000000000000e+00 7.955157793225581253e-02
5.000000000000000000e+00 7.080971046060353935e-02
6.000000000000000000e+00 6.450533192538522587e-02
7.000000000000000000e+00 5.952617596870763556e-02
8.000000000000000000e+00 5.538794680394747844e-02
9.000000000000000000e+00 5.184541297964184031e-02
1.000000000000000000e+01 4.875678617737407711e-02
1.100000000000000000e+01 4.603084393154262266e-02
1.200000000000000000e+01 4.360398054598672857e-02
1.300000000000000000e+01 4.142917718592043635e-02
1.400000000000000000e+01 3.947017903562439339e-02
1.500000000000000000e+01 3.769815635443193175e-02
1.600000000000000000e+01 3.608965065490682411e-02
1.700000000000000000e+01 3.462523575195133874e-02
1.800000000000000000e+01 3.328860225408546841e-02
1.900000000000000000e+01 3.206590665408021873e-02
2.000000000000000000e+01 3.094529341178429288e-02
2.100000000000000000e+01 2.991653455493333350e-02
2.200000000000000000e+01 2.897075176349580075e-02
2.300000000000000000e+01 2.810019799474034949e-02
2.400000000000000000e+01 2.729808314326280169e-02
2.500000000000000000e+01 2.655843296258338093e-02
2.600000000000000000e+01 2.587597357770066511e-02
2.700000000000000000e+01 2.524603600714551283e-02
2.800000000000000000e+01 2.466447655370514885e-02
2.900000000000000000e+01 2.412760993806172677e-02
3.000000000000000000e+01 2.363215277897797242e-02
3.100000000000000000e+01 2.317517555723183284e-02
3.200000000000000000e+01 2.275406159726747410e-02
3.300000000000000000e+01 2.236647190002735361e-02
3.400000000000000000e+01 2.201031488963934440e-02
3.500000000000000000e+01 2.168372031428436597e-02
3.600000000000000000e+01 2.138501668087575136e-02
3.700000000000000000e+01 2.111271171360407789e-02
3.800000000000000000e+01 2.086547541481166557e-02
3.900000000000000000e+01 2.064212537811794396e-02
4.000000000000000000e+01 2.044161406199131170e-02
4.100000000000000000e+01 2.026301777989954894e-02
4.200000000000000000e+01 2.010552720294188009e-02
4.300000000000000000e+01 1.996843920414701629e-02
4.400000000000000000e+01 1.985114990172407584e-02
4.500000000000000000e+01 1.975314878250914938e-02
4.600000000000000000e+01 1.967401380748793824e-02
4.700000000000000000e+01 1.961340741926232215e-02
4.800000000000000000e+01 1.957107338721610773e-02
4.900000000000000000e+01 1.954683444038163992e-02
5.000000000000000000e+01 1.954059065100529138e-02
5.100000000000000000e+01 1.955231854389626045e-02
5.200000000000000000e+01 1.958207091812467007e-02
5.300000000000000000e+01 1.962997737879234456e-02
5.400000000000000000e+01 1.969624558770117703e-02
5.500000000000000000e+01 1.978116325305530679e-02
5.600000000000000000e+01 1.988510089012628795e-02
5.700000000000000000e+01 2.000851539737540097e-02
5.800000000000000000e+01 2.015195450618078449e-02
5.900000000000000000e+01 2.031606217741862772e-02
6.000000000000000000e+01 2.050158503511034791e-02
6.100000000000000000e+01 2.070937994666127366e-02
6.200000000000000000e+01 2.094042288146625436e-02
6.300000000000000000e+01 2.119581920555781498e-02
6.400000000000000000e+01 2.147681560040413593e-02
6.500000000000000000e+01 2.178481383002559002e-02
6.600000000000000000e+01 2.212138662367721387e-02
6.700000000000000000e+01 2.248829599321039083e-02
6.800000000000000000e+01 2.288751436716112905e-02
6.900000000000000000e+01 2.332124900059185518e-02
7.000000000000000000e+01 2.379197021466170070e-02
7.100000000000000000e+01 2.430244413805760645e-02
7.200000000000000000e+01 2.485577077086652958e-02
7.300000000000000000e+01 2.545542837991406765e-02
7.400000000000000000e+01 2.610532547652539420e-02
7.500000000000000000e+01 2.680986194211988291e-02
7.600000000000000000e+01 2.757400128134018108e-02
7.700000000000000000e+01 2.840335653640669450e-02
7.800000000000000000e+01 2.930429314937588875e-02
7.900000000000000000e+01 3.028405310097410583e-02
8.000000000000000000e+01 3.135090612535761795e-02
8.100000000000000000e+01 3.251433592160533903e-02
8.200000000000000000e+01 3.378527241774653689e-02
8.300000000000000000e+01 3.517638590233156115e-02
8.400000000000000000e+01 3.670246628552935320e-02
8.500000000000000000e+01 3.838092281157522156e-02
8.600000000000000000e+01 4.023245985684075626e-02
8.700000000000000000e+01 4.228202023908156360e-02
8.800000000000000000e+01 4.456015387507865355e-02
8.900000000000000000e+01 4.710510028595891324e-02
9.000000000000000000e+01 4.996614779618566149e-02
9.100000000000000000e+01 5.320945029383096492e-02
9.200000000000000000e+01 5.692898183482850843e-02
9.300000000000000000e+01 6.126923808356481843e-02
9.400000000000000000e+01 6.647744335214494926e-02
9.500000000000000000e+01 7.303746564358554183e-02
9.600000000000000000e+01 8.205447092472728521e-02
9.700000000000000000e+01 9.650038019657991573e-02
9.800000000000000000e+01 1.258175462357699059e-01
9.900000000000000000e+01 2.057474972070080232e-01
1.000000000000000000e+02 5.011788430743914224e-01
