n_up	n_dn	g_diff_up	g_diff_dn
0.5000000000000004	0.5000000000000004	3.181758345622421e-16	3.181758345622421e-16
0.5000000000000004	0.5000000000000004	1.306906503840393e-15	1.306906503840393e-15
0.5000000000000004	0.5000000000000004	1.3168247833847342e-15	1.3168247833847342e-15
0.5000000000000004	0.5000000000000004	1.9618262032869874e-15	1.9618262032869874e-15
0.5000000000000006	0.5000000000000006	1.6698394008580168e-15	1.6698394008580168e-15
0.5000000000000004	0.5000000000000004	3.5947345399670996e-16	3.5947345399670996e-16
0.5000000000000004	0.5000000000000004	1.4056670763224185e-17	1.4056670763224185e-17
0.5000000000000004	0.5000000000000004	6.061636007047855e-17	6.061636007047855e-17
0.5000000000000004	0.5000000000000004	5.020201606734528e-16	5.020201606734528e-16
