n_up	n_dn	g_diff_up	g_diff_dn
0.5000000000000004	0.5000000000000004	1.936933832150872e-15	1.936933832150872e-15
0.5000000000000003	0.5000000000000003	1.433149199766067e-15	1.433149199766067e-15
0.5000000000000002	0.5000000000000002	2.5588500707322264e-15	2.5588500707322264e-15
0.5000000000000003	0.5000000000000003	1.469993035622206e-15	1.469993035622206e-15
0.5000000000000003	0.5000000000000003	2.0040995700753185e-15	2.0040995700753185e-15
0.5000000000000004	0.5000000000000004	2.133042984943892e-15	2.133042984943892e-15
0.5000000000000003	0.5000000000000003	4.070841377898745e-15	4.070841377898745e-15
0.5000000000000004	0.5000000000000004	4.5084837933390024e-15	4.5084837933390024e-15
0.5000000000000003	0.5000000000000003	3.838698992622464e-15	3.838698992622464e-15
