n_up	n_dn	g_diff_up	g_diff_dn
0.5000000000000018	0.5000000000000018	5.09568560060916e-16	5.09568560060916e-16
0.5000000000000018	0.5000000000000018	1.677580729569326e-15	1.677580729569326e-15
0.5000000000000019	0.5000000000000019	3.600804517815998e-15	3.600804517815998e-15
0.5000000000000018	0.5000000000000018	5.061042588315478e-15	5.061042588315478e-15
0.5000000000000019	0.5000000000000019	8.026506765046999e-16	8.026506765046999e-16
0.5000000000000019	0.5000000000000019	1.4811794745852763e-15	1.4811794745852763e-15
0.5000000000000018	0.5000000000000018	1.1891435182885083e-15	1.1891435182885083e-15
0.5000000000000019	0.5000000000000019	2.520351939611294e-15	2.520351939611294e-15
0.5000000000000019	0.5000000000000019	1.3827413785609919e-15	1.3827413785609919e-15
