n_up	n_dn	g_diff_up	g_diff_dn
0.5000000000000001	0.5000000000000001	2.2736749465634068e-15	2.2736749465634068e-15
0.5000000000000001	0.5000000000000001	1.1691976724764972e-15	1.1691976724764972e-15
0.5000000000000001	0.5000000000000001	4.510598766514252e-16	4.510598766514252e-16
0.5000000000000001	0.5000000000000001	2.846566957606854e-16	2.846566957606854e-16
0.5000000000000001	0.5000000000000001	9.615434327212558e-16	9.615434327212558e-16
0.5000000000000001	0.5000000000000001	2.6900530623840243e-15	2.6900530623840243e-15
0.5000000000000001	0.5000000000000001	2.4844075715596566e-15	2.4844075715596566e-15
0.5000000000000001	0.5000000000000001	1.746844374702047e-15	1.746844374702047e-15
0.5000000000000001	0.5000000000000001	1.3754821439316962e-15	1.3754821439316962e-15
