n_up	n_dn	g_diff_up	g_diff_dn
0.5000000000000007	0.5000000000000007	1.9831829140825834e-15	1.9831829140825834e-15
0.5000000000000007	0.5000000000000007	6.6974204505948e-16	6.6974204505948e-16
0.5000000000000007	0.5000000000000007	1.8878805415891833e-17	1.8878805415891833e-17
0.5000000000000007	0.5000000000000007	6.118523763349113e-16	6.118523763349113e-16
0.5000000000000007	0.5000000000000007	1.864260554723736e-16	1.864260554723736e-16
0.5000000000000007	0.5000000000000007	4.583081658151008e-16	4.583081658151008e-16
0.5000000000000007	0.5000000000000007	8.610656016023582e-16	8.610656016023582e-16
0.5000000000000007	0.5000000000000007	2.748840722451947e-15	2.748840722451947e-15
0.5000000000000007	0.5000000000000007	2.3670986259656853e-15	2.3670986259656853e-15
