n_up	n_dn	g_diff_up	g_diff_dn
0.5000000000000001	0.5000000000000001	1.4065355689479277e-15	1.4065355689479277e-15
0.5000000000000001	0.5000000000000001	8.011132575874013e-16	8.011132575874013e-16
0.5000000000000001	0.5000000000000001	1.4400544808502315e-15	1.4400544808502315e-15
0.5000000000000001	0.5000000000000001	1.3887096354298713e-15	1.3887096354298713e-15
0.5000000000000001	0.5000000000000001	7.681356997827259e-16	7.681356997827259e-16
0.5000000000000001	0.5000000000000001	6.574233977162897e-16	6.574233977162897e-16
0.5000000000000001	0.5000000000000001	2.9678452390000736e-16	2.9678452390000736e-16
0.5000000000000001	0.5000000000000001	4.713894659101846e-16	4.713894659101846e-16
0.5000000000000001	0.5000000000000001	2.6951395547236394e-16	2.6951395547236394e-16
