n_up	n_dn	g_diff_up	g_diff_dn
0.5000000000000007	0.5000000000000007	5.4166062023798176e-15	5.4166062023798176e-15
0.5000000000000008	0.5000000000000008	3.8487522560257715e-16	3.8487522560257715e-16
0.5000000000000008	0.5000000000000008	5.362060140696254e-16	5.362060140696254e-16
0.5000000000000008	0.5000000000000008	2.0793211988733175e-15	2.0793211988733175e-15
0.5000000000000007	0.5000000000000007	1.55160405368825e-15	1.55160405368825e-15
0.5000000000000008	0.5000000000000008	8.543654610155722e-16	8.543654610155722e-16
0.5000000000000008	0.5000000000000008	2.0335685992196392e-16	2.0335685992196392e-16
0.5000000000000008	0.5000000000000008	1.0157823389038469e-15	1.0157823389038469e-15
0.5000000000000007	0.5000000000000007	1.1432714288494111e-15	1.1432714288494111e-15
