n_up	n_dn	g_diff_up	g_diff_dn
0.5000000000000008	0.5000000000000008	6.477346793855581e-16	6.477346793855581e-16
0.5000000000000008	0.5000000000000008	7.971509271852255e-16	7.971509271852255e-16
0.5000000000000008	0.5000000000000008	1.0329413709526508e-15	1.0329413709526508e-15
0.5000000000000008	0.5000000000000008	1.2815014791954812e-16	1.2815014791954812e-16
0.5000000000000008	0.5000000000000008	1.1142741102013375e-15	1.1142741102013375e-15
0.5000000000000009	0.5000000000000009	1.0363057941860766e-15	1.0363057941860766e-15
0.5000000000000008	0.5000000000000008	1.6479147974887703e-15	1.6479147974887703e-15
0.5000000000000009	0.5000000000000009	1.5800061007522865e-15	1.5800061007522865e-15
0.5000000000000008	0.5000000000000008	1.7772982657942246e-16	1.7772982657942246e-16
