n_up	n_dn	g_diff_up	g_diff_dn
0.5000000000000001	0.5000000000000001	1.2173443267863177e-15	1.2173443267863177e-15
0.5000000000000001	0.5000000000000001	4.4322324582948324e-16	4.4322324582948324e-16
0.5000000000000002	0.5000000000000002	2.3567047834734442e-15	2.3567047834734442e-15
0.5000000000000001	0.5000000000000001	2.163817396579956e-15	2.163817396579956e-15
0.5000000000000001	0.5000000000000001	1.27110013401955e-15	1.27110013401955e-15
0.5000000000000001	0.5000000000000001	1.4286338219416945e-15	1.4286338219416945e-15
0.5000000000000002	0.5000000000000002	5.095560767104947e-16	5.095560767104947e-16
0.5000000000000001	0.5000000000000001	4.980276592817257e-16	4.980276592817257e-16
0.5000000000000001	0.5000000000000001	9.78396128236729e-16	9.78396128236729e-16
