n_up	n_dn	g_diff_up	g_diff_dn
0.5000000000000003	0.5000000000000003	6.467750941487326e-16	6.467750941487326e-16
0.5000000000000003	0.5000000000000003	2.179576035019143e-15	2.179576035019143e-15
0.5000000000000004	0.5000000000000004	1.7209754116340481e-15	1.7209754116340481e-15
0.5000000000000003	0.5000000000000003	3.6655907722816987e-16	3.6655907722816987e-16
0.5000000000000003	0.5000000000000003	7.310950909770544e-16	7.310950909770544e-16
0.5000000000000003	0.5000000000000003	1.285995922864068e-15	1.285995922864068e-15
0.5000000000000004	0.5000000000000004	3.250346830106003e-16	3.250346830106003e-16
0.5000000000000003	0.5000000000000003	9.735091339502877e-16	9.735091339502877e-16
0.5000000000000003	0.5000000000000003	2.879697513168296e-17	2.879697513168296e-17
