n_up	n_dn	g_diff_up	g_diff_dn
0.5000000000000018	0.5000000000000018	8.980562523458126e-15	8.980562523458126e-15
0.5000000000000019	0.5000000000000019	1.876298333565487e-15	1.876298333565487e-15
0.5000000000000019	0.5000000000000019	1.003796922453474e-15	1.003796922453474e-15
0.5000000000000019	0.5000000000000019	2.122814636829696e-15	2.122814636829696e-15
0.5000000000000018	0.5000000000000018	2.207454565386741e-15	2.207454565386741e-15
0.5000000000000019	0.5000000000000019	1.0320503532578735e-15	1.0320503532578735e-15
0.5000000000000019	0.5000000000000019	4.0947093263019155e-15	4.0947093263019155e-15
0.5000000000000018	0.5000000000000018	3.033741749077281e-15	3.033741749077281e-15
0.5000000000000019	0.5000000000000019	1.9987951042297462e-16	1.9987951042297462e-16
