n_up	n_dn	g_diff_up	g_diff_dn
0.5000000000000003	0.5000000000000003	3.2346679663094165e-15	3.2346679663094165e-15
0.5000000000000004	0.5000000000000004	2.7895422180906933e-16	2.7895422180906933e-16
0.5000000000000004	0.5000000000000004	8.757962863923847e-16	8.757962863923847e-16
0.5000000000000004	0.5000000000000004	1.1903737888738776e-15	1.1903737888738776e-15
0.5000000000000004	0.5000000000000004	1.3398727324523655e-15	1.3398727324523655e-15
0.5000000000000004	0.5000000000000004	4.611355931908103e-16	4.611355931908103e-16
0.5000000000000004	0.5000000000000004	1.1800353557246366e-15	1.1800353557246366e-15
0.5000000000000004	0.5000000000000004	1.1907245307748923e-15	1.1907245307748923e-15
0.5000000000000004	0.5000000000000004	1.534496063754689e-16	1.534496063754689e-16
