n_up	n_dn	g_diff_up	g_diff_dn
0.5000000000000003	0.5000000000000003	2.5173335926426524e-15	2.5173335926426524e-15
0.5000000000000003	0.5000000000000003	3.280676294565652e-15	3.280676294565652e-15
0.5000000000000003	0.5000000000000003	4.684653201309855e-15	4.684653201309855e-15
0.5000000000000003	0.5000000000000003	4.352590501390144e-15	4.352590501390144e-15
0.5000000000000003	0.5000000000000003	2.416894640731719e-15	2.416894640731719e-15
0.5000000000000003	0.5000000000000003	3.954917919811422e-16	3.954917919811422e-16
0.5000000000000003	0.5000000000000003	5.845741897478922e-16	5.845741897478922e-16
0.5000000000000003	0.5000000000000003	1.3809695598056772e-15	1.3809695598056772e-15
0.5000000000000003	0.5000000000000003	2.871741176736514e-15	2.871741176736514e-15
