n_up	n_dn	g_diff_up	g_diff_dn
0.5000000000000006	0.5000000000000006	4.2746142020844224e-15	4.2746142020844224e-15
0.5000000000000007	0.5000000000000007	4.761842991618284e-16	4.761842991618284e-16
0.5000000000000006	0.5000000000000006	1.893149588934804e-15	1.893149588934804e-15
0.5000000000000007	0.5000000000000007	6.090756057333622e-15	6.090756057333622e-15
0.5000000000000006	0.5000000000000006	1.4856756678507364e-14	1.4856756678507364e-14
0.5000000000000008	0.5000000000000008	1.9881000321400975e-14	1.9881000321400975e-14
0.5000000000000004	0.5000000000000004	2.1133156549836105e-14	2.1133156549836105e-14
0.5000000000000008	0.5000000000000008	2.3681851514514947e-14	2.3681851514514947e-14
0.5000000000000004	0.5000000000000004	2.4539959429974938e-14	2.4539959429974938e-14
