n_up	n_dn	g_diff_up	g_diff_dn
0.5000000000000004	0.5000000000000004	6.48353935017758e-15	6.48353935017758e-15
0.5000000000000006	0.5000000000000006	2.2703395768592215e-15	2.2703395768592215e-15
0.5000000000000006	0.5000000000000006	3.0248112099388255e-15	3.0248112099388255e-15
0.5000000000000006	0.5000000000000006	2.1955696651873927e-15	2.1955696651873927e-15
0.5000000000000006	0.5000000000000006	2.0011435591996353e-15	2.0011435591996353e-15
0.5000000000000006	0.5000000000000006	1.961646612778987e-15	1.961646612778987e-15
0.5000000000000006	0.5000000000000006	1.9960297943727355e-15	1.9960297943727355e-15
0.5000000000000006	0.5000000000000006	2.13402831812815e-15	2.13402831812815e-15
0.5000000000000006	0.5000000000000006	2.359728724438296e-15	2.359728724438296e-15
