n_up	n_dn	g_diff_up	g_diff_dn
0.500000000000001	0.500000000000001	2.9784637645641993e-15	2.9784637645641993e-15
0.5000000000000011	0.5000000000000011	2.4656557714964185e-15	2.4656557714964185e-15
0.5000000000000011	0.5000000000000011	1.115066514859192e-15	1.115066514859192e-15
0.5000000000000011	0.5000000000000011	1.3596843901068779e-15	1.3596843901068779e-15
0.5000000000000011	0.5000000000000011	2.467282863524808e-15	2.467282863524808e-15
0.5000000000000011	0.5000000000000011	3.881047522483029e-15	3.881047522483029e-15
0.5000000000000011	0.5000000000000011	3.2077526034144393e-15	3.2077526034144393e-15
0.5000000000000011	0.5000000000000011	2.538248604118288e-15	2.538248604118288e-15
0.5000000000000011	0.5000000000000011	4.165399870556599e-15	4.165399870556599e-15
