n_up	n_dn	g_diff_up	g_diff_dn
0.5000000000000007	0.5000000000000007	6.528856387182626e-15	6.528856387182626e-15
0.5000000000000008	0.5000000000000008	1.9971358836376837e-15	1.9971358836376837e-15
0.5000000000000008	0.5000000000000008	2.618529323489288e-16	2.618529323489288e-16
0.5000000000000008	0.5000000000000008	9.642749202879844e-16	9.642749202879844e-16
0.5000000000000007	0.5000000000000007	4.522783508505245e-16	4.522783508505245e-16
0.5000000000000008	0.5000000000000008	1.800465157369656e-15	1.800465157369656e-15
0.5000000000000008	0.5000000000000008	1.1717821973574791e-15	1.1717821973574791e-15
0.5000000000000008	0.5000000000000008	1.0600028076117715e-15	1.0600028076117715e-15
0.5000000000000008	0.5000000000000008	1.3843543629632812e-15	1.3843543629632812e-15
