n_up	n_dn	g_diff_up	g_diff_dn
0.5000000000000001	0.5000000000000001	3.052689849617951e-16	3.052689849617951e-16
0.5000000000000001	0.5000000000000001	1.0966306253819027e-16	1.0966306253819027e-16
0.5000000000000001	0.5000000000000001	2.3884907614108256e-16	2.3884907614108256e-16
0.5000000000000001	0.5000000000000001	4.786216171153366e-16	4.786216171153366e-16
0.5000000000000001	0.5000000000000001	4.1143012648700196e-16	4.1143012648700196e-16
0.5000000000000001	0.5000000000000001	3.9831921337156807e-16	3.9831921337156807e-16
0.5000000000000001	0.5000000000000001	4.232999749560153e-16	4.232999749560153e-16
0.5000000000000001	0.5000000000000001	3.929413599390742e-16	3.929413599390742e-16
0.5000000000000001	0.5000000000000001	2.315187559871324e-16	2.315187559871324e-16
