n_up	n_dn	g_diff_up	g_diff_dn
0.5000000000000001	0.5000000000000001	6.332089573443507e-17	6.332089573443507e-17
0.5000000000000001	0.5000000000000001	1.1879240951506951e-15	1.1879240951506951e-15
0.5000000000000001	0.5000000000000001	9.027039495559497e-16	9.027039495559497e-16
0.5000000000000001	0.5000000000000001	8.986864827993671e-17	8.986864827993671e-17
0.5000000000000001	0.5000000000000001	5.412673709949511e-17	5.412673709949511e-17
0.5000000000000001	0.5000000000000001	3.0976295112674826e-16	3.0976295112674826e-16
0.5000000000000001	0.5000000000000001	4.0445717819115445e-16	4.0445717819115445e-16
0.5000000000000001	0.5000000000000001	3.012076346211922e-16	3.012076346211922e-16
0.5000000000000001	0.5000000000000001	1.3146827104583218e-17	1.3146827104583218e-17
