n_up	n_dn	g_diff_up	g_diff_dn
0.5000000000000001	0.5000000000000001	2.0228715914465062e-16	2.0228715914465062e-16
0.5000000000000001	0.5000000000000001	1.4143556116416722e-16	1.4143556116416722e-16
0.5000000000000001	0.5000000000000001	8.617842818324226e-17	8.617842818324226e-17
0.5000000000000001	0.5000000000000001	4.05192481406837e-16	4.05192481406837e-16
0.5000000000000001	0.5000000000000001	7.598396613405363e-16	7.598396613405363e-16
0.5000000000000001	0.5000000000000001	8.572630457456036e-16	8.572630457456036e-16
0.5000000000000001	0.5000000000000001	6.42108142993873e-16	6.42108142993873e-16
0.5000000000000001	0.5000000000000001	3.4423804420401283e-16	3.4423804420401283e-16
0.5000000000000001	0.5000000000000001	4.150939670041784e-16	4.150939670041784e-16
