n_up	n_dn	g_diff_up	g_diff_dn
0.5000000000000008	0.5000000000000008	8.819029216678954e-15	8.819029216678954e-15
0.500000000000001	0.500000000000001	1.4496362048291196e-15	1.4496362048291196e-15
0.5000000000000009	0.5000000000000009	2.070547337878058e-15	2.070547337878058e-15
0.500000000000001	0.500000000000001	9.176770076732724e-16	9.176770076732724e-16
0.500000000000001	0.500000000000001	1.3470300838149143e-15	1.3470300838149143e-15
0.5000000000000009	0.5000000000000009	1.3440734216623896e-15	1.3440734216623896e-15
0.500000000000001	0.500000000000001	3.7938563470256254e-16	3.7938563470256254e-16
0.500000000000001	0.500000000000001	3.8379286436975454e-17	3.8379286436975454e-17
0.500000000000001	0.500000000000001	1.9415671333555077e-15	1.9415671333555077e-15
