n_up	n_dn	g_diff_up	g_diff_dn
0.5000000000000004	0.5000000000000004	5.559813716202268e-15	5.559813716202268e-15
0.5000000000000006	0.5000000000000006	2.4582328289050456e-16	2.4582328289050456e-16
0.5000000000000006	0.5000000000000006	3.2015608838591554e-15	3.2015608838591554e-15
0.5000000000000006	0.5000000000000006	1.7402848851026541e-15	1.7402848851026541e-15
0.5000000000000006	0.5000000000000006	6.673187315496134e-17	6.673187315496134e-17
0.5000000000000006	0.5000000000000006	1.9791282063364647e-15	1.9791282063364647e-15
0.5000000000000006	0.5000000000000006	4.385748667292714e-17	4.385748667292714e-17
0.5000000000000006	0.5000000000000006	2.6353165925122406e-15	2.6353165925122406e-15
0.5000000000000006	0.5000000000000006	1.799025049669019e-15	1.799025049669019e-15
