n_up	n_dn	g_diff_up	g_diff_dn
0.5000000000000001	0.5000000000000001	3.0839010494269423e-15	3.0839010494269423e-15
0.5000000000000002	0.5000000000000002	3.186149211869321e-16	3.186149211869321e-16
0.5000000000000001	0.5000000000000001	3.326332641525282e-18	3.326332641525282e-18
0.5000000000000001	0.5000000000000001	8.438553931251352e-17	8.438553931251352e-17
0.5000000000000002	0.5000000000000002	1.298542107381305e-16	1.298542107381305e-16
0.5000000000000001	0.5000000000000001	2.1730197347934354e-16	2.1730197347934354e-16
0.5000000000000002	0.5000000000000002	2.0608051810609465e-16	2.0608051810609465e-16
0.5000000000000002	0.5000000000000002	7.722070032870097e-17	7.722070032870097e-17
0.5000000000000002	0.5000000000000002	5.361019530060184e-16	5.361019530060184e-16
