n_up	n_dn	g_diff_up	g_diff_dn
0.5000000000000001	0.5000000000000001	3.3092485466974917e-16	3.3092485466974917e-16
0.5000000000000001	0.5000000000000001	2.421690867675602e-16	2.421690867675602e-16
0.5000000000000001	0.5000000000000001	2.421184651365563e-16	2.421184651365563e-16
0.5000000000000001	0.5000000000000001	3.2166614552635705e-16	3.2166614552635705e-16
0.5000000000000001	0.5000000000000001	5.257515691016519e-16	5.257515691016519e-16
0.5000000000000001	0.5000000000000001	4.518460227883637e-16	4.518460227883637e-16
0.5000000000000001	0.5000000000000001	3.08783989888042e-16	3.08783989888042e-16
0.5000000000000001	0.5000000000000001	3.58543866018413e-16	3.58543866018413e-16
0.5000000000000001	0.5000000000000001	5.55401458506301e-16	5.55401458506301e-16
