n_up	n_dn	g_diff_up	g_diff_dn
0.5000000000000004	0.5000000000000004	6.7894037106894695e-15	6.7894037106894695e-15
0.5000000000000006	0.5000000000000006	5.990534440218811e-17	5.990534440218811e-17
0.5000000000000006	0.5000000000000006	3.983877264262045e-16	3.983877264262045e-16
0.5000000000000006	0.5000000000000006	4.2063488118722423e-16	4.2063488118722423e-16
0.5000000000000006	0.5000000000000006	9.099915122215378e-16	9.099915122215378e-16
0.5000000000000006	0.5000000000000006	1.2104206526090142e-15	1.2104206526090142e-15
0.5000000000000006	0.5000000000000006	1.9681811759171365e-15	1.9681811759171365e-15
0.5000000000000006	0.5000000000000006	1.8207008225461547e-15	1.8207008225461547e-15
0.5000000000000006	0.5000000000000006	1.2113658063983636e-15	1.2113658063983636e-15
