n_up	n_dn	g_diff_up	g_diff_dn
0.5000000000000002	0.5000000000000002	2.8492215229577826e-15	2.8492215229577826e-15
0.5000000000000002	0.5000000000000002	3.275971884791617e-16	3.275971884791617e-16
0.5000000000000002	0.5000000000000002	5.342290711012198e-16	5.342290711012198e-16
0.5000000000000002	0.5000000000000002	2.1253695154658308e-16	2.1253695154658308e-16
0.5000000000000002	0.5000000000000002	1.630068505965658e-16	1.630068505965658e-16
0.5000000000000002	0.5000000000000002	2.558026911618273e-16	2.558026911618273e-16
0.5000000000000002	0.5000000000000002	4.577557259453375e-16	4.577557259453375e-16
0.5000000000000002	0.5000000000000002	4.05373736941601e-16	4.05373736941601e-16
0.5000000000000002	0.5000000000000002	3.035019023243191e-16	3.035019023243191e-16
