n_up	n_dn	g_diff_up	g_diff_dn
0.5000000000000003	0.5000000000000003	6.191330844685222e-15	6.191330844685222e-15
0.5000000000000004	0.5000000000000004	2.6967275971465532e-15	2.6967275971465532e-15
0.5000000000000003	0.5000000000000003	1.9811790831910857e-15	1.9811790831910857e-15
0.5000000000000004	0.5000000000000004	2.5860438563000757e-15	2.5860438563000757e-15
0.5000000000000003	0.5000000000000003	2.528788634051958e-15	2.528788634051958e-15
0.5000000000000004	0.5000000000000004	1.9901390484156247e-15	1.9901390484156247e-15
0.5000000000000003	0.5000000000000003	1.8328672811876946e-15	1.8328672811876946e-15
0.5000000000000004	0.5000000000000004	1.5565173576413086e-15	1.5565173576413086e-15
0.5000000000000003	0.5000000000000003	1.525164812905739e-15	1.525164812905739e-15
