n_up	n_dn	g_diff_up	g_diff_dn
0.5000000000000004	0.5000000000000004	2.118389990039821e-15	2.118389990039821e-15
0.5000000000000004	0.5000000000000004	1.4396936410208697e-15	1.4396936410208697e-15
0.5000000000000004	0.5000000000000004	1.007824339888203e-15	1.007824339888203e-15
0.5000000000000004	0.5000000000000004	1.2334355712613762e-15	1.2334355712613762e-15
0.5000000000000004	0.5000000000000004	2.313590718745446e-15	2.313590718745446e-15
0.5000000000000004	0.5000000000000004	2.217898108316214e-15	2.217898108316214e-15
0.5000000000000004	0.5000000000000004	8.031597814354857e-16	8.031597814354857e-16
0.5000000000000004	0.5000000000000004	2.8168517505244325e-16	2.8168517505244325e-16
0.5000000000000004	0.5000000000000004	3.01632479746854e-17	3.01632479746854e-17
