n_up	n_dn	g_diff_up	g_diff_dn
0.5000000000000003	0.5000000000000003	3.4455029200270504e-15	3.4455029200270504e-15
0.5000000000000004	0.5000000000000004	8.112172632102429e-16	8.112172632102429e-16
0.5000000000000003	0.5000000000000003	1.1857736787993968e-15	1.1857736787993968e-15
0.5000000000000003	0.5000000000000003	5.827395563905079e-16	5.827395563905079e-16
0.5000000000000003	0.5000000000000003	7.117570359376419e-16	7.117570359376419e-16
0.5000000000000003	0.5000000000000003	7.535787160832469e-16	7.535787160832469e-16
0.5000000000000003	0.5000000000000003	1.1769436803049238e-15	1.1769436803049238e-15
0.5000000000000004	0.5000000000000004	3.2653173651330706e-16	3.2653173651330706e-16
0.5000000000000004	0.5000000000000004	2.1648471516458062e-15	2.1648471516458062e-15
