n_up	n_dn	g_diff_up	g_diff_dn
0.5000000000000001	0.5000000000000001	3.468790507728073e-15	3.468790507728073e-15
0.5000000000000001	0.5000000000000001	6.692637512680825e-16	6.692637512680825e-16
0.5000000000000001	0.5000000000000001	5.170339671552375e-16	5.170339671552375e-16
0.5000000000000001	0.5000000000000001	2.8838947165185717e-16	2.8838947165185717e-16
0.5000000000000001	0.5000000000000001	2.6187362638851134e-16	2.6187362638851134e-16
0.5000000000000001	0.5000000000000001	4.270433015937448e-16	4.270433015937448e-16
0.5000000000000001	0.5000000000000001	1.7888272559099367e-16	1.7888272559099367e-16
0.5000000000000001	0.5000000000000001	4.8463157626102015e-16	4.8463157626102015e-16
0.5000000000000001	0.5000000000000001	5.104419159135617e-16	5.104419159135617e-16
