n_up	n_dn	g_diff_up	g_diff_dn
0.5000000000000008	0.5000000000000008	3.737454172815116e-15	3.737454172815116e-15
0.5000000000000008	0.5000000000000008	1.5069261071536507e-15	1.5069261071536507e-15
0.5000000000000008	0.5000000000000008	5.307933146183046e-16	5.307933146183046e-16
0.5000000000000008	0.5000000000000008	1.7297485636963183e-16	1.7297485636963183e-16
0.5000000000000008	0.5000000000000008	9.57126330429985e-16	9.57126330429985e-16
0.5000000000000008	0.5000000000000008	1.4692510397029747e-15	1.4692510397029747e-15
0.5000000000000008	0.5000000000000008	8.977341026319334e-16	8.977341026319334e-16
0.5000000000000008	0.5000000000000008	3.152501613260527e-16	3.152501613260527e-16
0.5000000000000008	0.5000000000000008	4.821366278831148e-16	4.821366278831148e-16
