n_up	n_dn	g_diff_up	g_diff_dn
0.5000000000000001	0.5000000000000001	2.0647514259418352e-15	2.0647514259418352e-15
0.5000000000000001	0.5000000000000001	8.179333857304768e-16	8.179333857304768e-16
0.5000000000000001	0.5000000000000001	7.647552614263999e-16	7.647552614263999e-16
0.5000000000000001	0.5000000000000001	1.0166637392380499e-15	1.0166637392380499e-15
0.5000000000000001	0.5000000000000001	3.2959537746645065e-16	3.2959537746645065e-16
0.5000000000000001	0.5000000000000001	1.820707069167535e-16	1.820707069167535e-16
0.5000000000000001	0.5000000000000001	3.389622062644395e-16	3.389622062644395e-16
0.5000000000000001	0.5000000000000001	4.138478221686402e-16	4.138478221686402e-16
0.5000000000000001	0.5000000000000001	1.247792540286932e-16	1.247792540286932e-16
