n_up	n_dn	g_diff_up	g_diff_dn
0.5000000000000001	0.5000000000000001	2.8635387644229082e-15	2.8635387644229082e-15
0.5000000000000002	0.5000000000000002	1.016237154133764e-15	1.016237154133764e-15
0.5000000000000002	0.5000000000000002	8.034936486542641e-16	8.034936486542641e-16
0.5000000000000002	0.5000000000000002	1.8920781354839594e-16	1.8920781354839594e-16
0.5000000000000002	0.5000000000000002	5.466058347328353e-16	5.466058347328353e-16
0.5000000000000002	0.5000000000000002	2.766907645403666e-16	2.766907645403666e-16
0.5000000000000002	0.5000000000000002	8.2465144840683075e-16	8.2465144840683075e-16
0.5000000000000002	0.5000000000000002	1.0451377276551633e-15	1.0451377276551633e-15
0.5000000000000002	0.5000000000000002	4.736144715788191e-16	4.736144715788191e-16
