n_up	n_dn	g_diff_up	g_diff_dn
0.5000000000000008	0.5000000000000008	1.6726684608001305e-15	1.6726684608001305e-15
0.5000000000000009	0.5000000000000009	2.3119710566679748e-15	2.3119710566679748e-15
0.5000000000000008	0.5000000000000008	4.360129268415556e-15	4.360129268415556e-15
0.5000000000000009	0.5000000000000009	4.339326009987647e-15	4.339326009987647e-15
0.5000000000000008	0.5000000000000008	1.8950564563157327e-16	1.8950564563157327e-16
0.5000000000000008	0.5000000000000008	4.430558803836076e-15	4.430558803836076e-15
0.5000000000000009	0.5000000000000009	3.0879646963180948e-15	3.0879646963180948e-15
0.5000000000000009	0.5000000000000009	6.5564204799818515e-15	6.5564204799818515e-15
0.5000000000000008	0.5000000000000008	2.61345279901281e-15	2.61345279901281e-15
