n_up	n_dn	g_diff_up	g_diff_dn
0.5000000000000002	0.5000000000000002	1.7267837848226507e-16	1.7267837848226507e-16
0.5000000000000002	0.5000000000000002	8.931686635377962e-17	8.931686635377962e-17
0.5000000000000002	0.5000000000000002	4.3162317822252887e-16	4.3162317822252887e-16
0.5000000000000002	0.5000000000000002	3.637395713707507e-16	3.637395713707507e-16
0.5000000000000002	0.5000000000000002	1.2269794895008343e-16	1.2269794895008343e-16
0.5000000000000002	0.5000000000000002	3.508281433919225e-16	3.508281433919225e-16
0.5000000000000002	0.5000000000000002	4.1269828751848508e-16	4.1269828751848508e-16
0.5000000000000002	0.5000000000000002	3.174163347134667e-16	3.174163347134667e-16
0.5000000000000002	0.5000000000000002	9.595535595644744e-19	9.595535595644744e-19
