n_up	n_dn	g_diff_up	g_diff_dn
0.5000000000000001	0.5000000000000001	5.497814790777628e-16	5.497814790777628e-16
0.5000000000000001	0.5000000000000001	2.1370692377648666e-16	2.1370692377648666e-16
0.5000000000000001	0.5000000000000001	3.079093146869751e-17	3.079093146869751e-17
0.5000000000000001	0.5000000000000001	1.2626093262007147e-17	1.2626093262007147e-17
0.5000000000000001	0.5000000000000001	1.5582432761759968e-16	1.5582432761759968e-16
0.5000000000000001	0.5000000000000001	2.412380686286637e-16	2.412380686286637e-16
0.5000000000000001	0.5000000000000001	2.2387040596151086e-16	2.2387040596151086e-16
0.5000000000000001	0.5000000000000001	2.2457352462284607e-16	2.2457352462284607e-16
0.5000000000000001	0.5000000000000001	2.632108768788911e-16	2.632108768788911e-16
