n_up	n_dn	g_diff_up	g_diff_dn
0.5000000000000002	0.5000000000000002	1.5469397550772742e-14	1.5469397550772742e-14
0.5000000000000006	0.5000000000000006	1.3981447022643822e-14	1.3981447022643822e-14
0.5000000000000002	0.5000000000000002	1.3294908681616913e-14	1.3294908681616913e-14
0.5000000000000006	0.5000000000000006	1.2842008898561779e-14	1.2842008898561779e-14
0.5000000000000003	0.5000000000000003	9.47715214491362e-15	9.47715214491362e-15
0.5000000000000004	0.5000000000000004	7.22534034081847e-15	7.22534034081847e-15
0.5000000000000003	0.5000000000000003	6.8451639728377775e-15	6.8451639728377775e-15
0.5000000000000004	0.5000000000000004	3.372550995161388e-15	3.372550995161388e-15
0.5000000000000004	0.5000000000000004	1.2172116884485563e-15	1.2172116884485563e-15
