n_up	n_dn	g_diff_up	g_diff_dn
0.5000000000000003	0.5000000000000003	1.3693393024867844e-15	1.3693393024867844e-15
0.5000000000000003	0.5000000000000003	4.901402324495841e-15	4.901402324495841e-15
0.5000000000000003	0.5000000000000003	4.428492386572889e-15	4.428492386572889e-15
0.5000000000000003	0.5000000000000003	3.860692269699752e-15	3.860692269699752e-15
0.5000000000000003	0.5000000000000003	3.691272177167181e-15	3.691272177167181e-15
0.5000000000000003	0.5000000000000003	4.201773461314906e-15	4.201773461314906e-15
0.5000000000000003	0.5000000000000003	3.9846049892290675e-15	3.9846049892290675e-15
0.5000000000000003	0.5000000000000003	2.0887004149274297e-15	2.0887004149274297e-15
0.5000000000000003	0.5000000000000003	1.3265603417839947e-15	1.3265603417839947e-15
