n_up	n_dn	g_diff_up	g_diff_dn
0.5000000000000002	0.5000000000000002	2.5636554195587317e-15	2.5636554195587317e-15
0.5000000000000002	0.5000000000000002	3.1420542893556106e-16	3.1420542893556106e-16
0.5000000000000002	0.5000000000000002	3.113490251920499e-16	3.113490251920499e-16
0.5000000000000002	0.5000000000000002	6.428856261180051e-16	6.428856261180051e-16
0.5000000000000002	0.5000000000000002	5.727388131915352e-16	5.727388131915352e-16
0.5000000000000002	0.5000000000000002	6.759063028484876e-16	6.759063028484876e-16
0.5000000000000002	0.5000000000000002	1.296688077045193e-15	1.296688077045193e-15
0.5000000000000002	0.5000000000000002	1.8205347557539904e-15	1.8205347557539904e-15
0.5000000000000002	0.5000000000000002	1.632467178505507e-15	1.632467178505507e-15
