n_up	n_dn	g_diff_up	g_diff_dn
0.5000000000000003	0.5000000000000003	1.6406545902764716e-15	1.6406545902764716e-15
0.5000000000000003	0.5000000000000003	9.689458028062379e-17	9.689458028062379e-17
0.5000000000000003	0.5000000000000003	9.793687355099546e-16	9.793687355099546e-16
0.5000000000000003	0.5000000000000003	1.8028494500517585e-15	1.8028494500517585e-15
0.5000000000000004	0.5000000000000004	1.8822327886313864e-15	1.8822327886313864e-15
0.5000000000000003	0.5000000000000003	1.0060959498033345e-15	1.0060959498033345e-15
0.5000000000000003	0.5000000000000003	2.976922360529806e-16	2.976922360529806e-16
0.5000000000000003	0.5000000000000003	1.1957526154780855e-15	1.1957526154780855e-15
0.5000000000000003	0.5000000000000003	1.2406307813914018e-15	1.2406307813914018e-15
