n_up	n_dn	g_diff_up	g_diff_dn
0.5000000000000001	0.5000000000000001	4.299594720884076e-15	4.299594720884076e-15
0.5000000000000002	0.5000000000000002	5.760284491260268e-16	5.760284491260268e-16
0.5000000000000002	0.5000000000000002	2.691230484887607e-16	2.691230484887607e-16
0.5000000000000002	0.5000000000000002	7.268794520448663e-17	7.268794520448663e-17
0.5000000000000002	0.5000000000000002	4.231432664761275e-16	4.231432664761275e-16
0.5000000000000002	0.5000000000000002	2.0871380744366024e-16	2.0871380744366024e-16
0.5000000000000002	0.5000000000000002	5.95705267940568e-16	5.95705267940568e-16
0.5000000000000002	0.5000000000000002	7.450245045695681e-16	7.450245045695681e-16
0.5000000000000002	0.5000000000000002	1.6591735765009043e-16	1.6591735765009043e-16
