n_up	n_dn	g_diff_up	g_diff_dn
0.5	0.5	4.327793833211459e-16	4.327793833211459e-16
0.5000000000000001	0.5000000000000001	8.206667853345327e-17	8.206667853345327e-17
0.5	0.5	7.938999600472379e-17	7.938999600472379e-17
0.5000000000000001	0.5000000000000001	4.864547730630206e-17	4.864547730630206e-17
0.5000000000000001	0.5000000000000001	9.059524963389017e-17	9.059524963389017e-17
0.5	0.5	2.248079301203827e-16	2.248079301203827e-16
0.5000000000000001	0.5000000000000001	2.3188388685322086e-16	2.3188388685322086e-16
0.5	0.5	2.0546793296544982e-16	2.0546793296544982e-16
0.5000000000000001	0.5000000000000001	1.1765347935874526e-16	1.1765347935874526e-16
