n_up	n_dn	g_diff_up	g_diff_dn
0.5000000000000004	0.5000000000000004	1.4335817310876345e-14	1.4335817310876345e-14
0.5000000000000007	0.5000000000000007	3.2766100309725505e-15	3.2766100309725505e-15
0.5000000000000006	0.5000000000000006	1.8339508013979183e-15	1.8339508013979183e-15
0.5000000000000007	0.5000000000000007	3.832146217093566e-15	3.832146217093566e-15
0.5000000000000006	0.5000000000000006	3.563036243079617e-15	3.563036243079617e-15
0.5000000000000006	0.5000000000000006	4.795927942175722e-15	4.795927942175722e-15
0.5000000000000006	0.5000000000000006	3.3864351730228234e-15	3.3864351730228234e-15
0.5000000000000006	0.5000000000000006	1.9163644985347416e-15	1.9163644985347416e-15
0.5000000000000007	0.5000000000000007	3.540173581430696e-15	3.540173581430696e-15
