n_up	n_dn	g_diff_up	g_diff_dn
0.5000000000000013	0.5000000000000013	1.0114842188900137e-14	1.0114842188900137e-14
0.5000000000000014	0.5000000000000014	1.2989823111002849e-15	1.2989823111002849e-15
0.5000000000000014	0.5000000000000014	7.231854687290893e-16	7.231854687290893e-16
0.5000000000000014	0.5000000000000014	1.9917048575647185e-15	1.9917048575647185e-15
0.5000000000000014	0.5000000000000014	3.041558176053411e-15	3.041558176053411e-15
0.5000000000000014	0.5000000000000014	3.624156109352143e-15	3.624156109352143e-15
0.5000000000000014	0.5000000000000014	2.4245933715794056e-15	2.4245933715794056e-15
0.5000000000000014	0.5000000000000014	1.442178093993912e-15	1.442178093993912e-15
0.5000000000000014	0.5000000000000014	1.8410142255223485e-15	1.8410142255223485e-15
