n_up	n_dn	g_diff_up	g_diff_dn
0.5000000000000014	0.5000000000000014	2.2168892288113023e-15	2.2168892288113023e-15
0.5000000000000014	0.5000000000000014	3.112732291259844e-16	3.112732291259844e-16
0.5000000000000014	0.5000000000000014	6.218398523969272e-16	6.218398523969272e-16
0.5000000000000014	0.5000000000000014	5.970555708701456e-16	5.970555708701456e-16
0.5000000000000014	0.5000000000000014	1.0334614423623787e-15	1.0334614423623787e-15
0.5000000000000014	0.5000000000000014	5.362884987335695e-16	5.362884987335695e-16
0.5000000000000014	0.5000000000000014	5.682665295597813e-16	5.682665295597813e-16
0.5000000000000014	0.5000000000000014	1.7311057022975383e-15	1.7311057022975383e-15
0.5000000000000014	0.5000000000000014	1.837395909255658e-15	1.837395909255658e-15
