n_up	n_dn	g_diff_up	g_diff_dn
0.5000000000000006	0.5000000000000006	8.41574653807391e-15	8.41574653807391e-15
0.5000000000000007	0.5000000000000007	4.117501098484405e-15	4.117501098484405e-15
0.5000000000000007	0.5000000000000007	2.3473798506495788e-15	2.3473798506495788e-15
0.5000000000000007	0.5000000000000007	4.736920705168069e-16	4.736920705168069e-16
0.5000000000000007	0.5000000000000007	2.205561281132748e-15	2.205561281132748e-15
0.5000000000000007	0.5000000000000007	3.550800696855855e-15	3.550800696855855e-15
0.5000000000000007	0.5000000000000007	2.840110476992877e-15	2.840110476992877e-15
0.5000000000000007	0.5000000000000007	7.232078334668061e-16	7.232078334668061e-16
0.5000000000000007	0.5000000000000007	2.335507106176988e-16	2.335507106176988e-16
