n_up	n_dn	g_diff_up	g_diff_dn
0.500000000000001	0.500000000000001	4.543315478012598e-16	4.543315478012598e-16
0.500000000000001	0.500000000000001	3.3933701219885698e-15	3.3933701219885698e-15
0.5000000000000011	0.5000000000000011	4.842196903493118e-15	4.842196903493118e-15
0.500000000000001	0.500000000000001	2.3985648606317e-15	2.3985648606317e-15
0.5000000000000011	0.5000000000000011	1.5851977311939875e-15	1.5851977311939875e-15
0.5000000000000011	0.5000000000000011	1.5474626947879343e-15	1.5474626947879343e-15
0.5000000000000011	0.5000000000000011	9.256683860311234e-16	9.256683860311234e-16
0.5000000000000011	0.5000000000000011	3.3399054963219353e-16	3.3399054963219353e-16
0.5000000000000011	0.5000000000000011	1.252022549413602e-16	1.252022549413602e-16
