n_up	n_dn	g_diff_up	g_diff_dn
0.5000000000000002	0.5000000000000002	2.7620152524583027e-15	2.7620152524583027e-15
0.5000000000000002	0.5000000000000002	4.2893941103440035e-16	4.2893941103440035e-16
0.5000000000000002	0.5000000000000002	7.273871535095105e-16	7.273871535095105e-16
0.5000000000000002	0.5000000000000002	7.176135932768067e-16	7.176135932768067e-16
0.5000000000000002	0.5000000000000002	3.689497074778114e-16	3.689497074778114e-16
0.5000000000000002	0.5000000000000002	6.153622395559454e-16	6.153622395559454e-16
0.5000000000000002	0.5000000000000002	6.48100378860144e-16	6.48100378860144e-16
0.5000000000000002	0.5000000000000002	3.6369124129084985e-16	3.6369124129084985e-16
0.5000000000000002	0.5000000000000002	1.0724665254790357e-16	1.0724665254790357e-16
