n_up	n_dn	g_diff_up	g_diff_dn
0.5000000000000003	0.5000000000000003	1.3711533808225618e-15	1.3711533808225618e-15
0.5000000000000003	0.5000000000000003	1.7785442347259875e-15	1.7785442347259875e-15
0.5000000000000003	0.5000000000000003	2.0473345669703466e-15	2.0473345669703466e-15
0.5000000000000003	0.5000000000000003	1.5020551666789955e-15	1.5020551666789955e-15
0.5000000000000003	0.5000000000000003	4.70587037875951e-16	4.70587037875951e-16
0.5000000000000003	0.5000000000000003	6.696224369003957e-16	6.696224369003957e-16
0.5000000000000003	0.5000000000000003	1.2592838029703283e-15	1.2592838029703283e-15
0.5000000000000003	0.5000000000000003	8.010621762750012e-16	8.010621762750012e-16
0.5000000000000003	0.5000000000000003	8.226120214004616e-16	8.226120214004616e-16
