n_up	n_dn	g_diff_up	g_diff_dn
0.5000000000000008	0.5000000000000008	1.4296258323616812e-14	1.4296258323616812e-14
0.500000000000001	0.500000000000001	4.4384106418667606e-15	4.4384106418667606e-15
0.5000000000000009	0.5000000000000009	3.0260520568330437e-15	3.0260520568330437e-15
0.500000000000001	0.500000000000001	4.263697840010478e-15	4.263697840010478e-15
0.5000000000000009	0.5000000000000009	8.3209871166057e-16	8.3209871166057e-16
0.5000000000000009	0.5000000000000009	1.2945160062783484e-15	1.2945160062783484e-15
0.5000000000000009	0.5000000000000009	4.900025796970271e-15	4.900025796970271e-15
0.500000000000001	0.500000000000001	1.6180726171637729e-15	1.6180726171637729e-15
0.500000000000001	0.500000000000001	7.32254411200426e-17	7.32254411200426e-17
