n_up	n_dn	g_diff_up	g_diff_dn
0.5	0.5	4.776886715626016e-16	4.776886715626016e-16
0.5000000000000001	0.5000000000000001	3.0242956422955993e-16	3.0242956422955993e-16
0.5000000000000001	0.5000000000000001	4.494285785654635e-16	4.494285785654635e-16
0.5000000000000001	0.5000000000000001	4.293357777593799e-16	4.293357777593799e-16
0.5000000000000001	0.5000000000000001	2.2177485576237874e-16	2.2177485576237874e-16
0.5000000000000001	0.5000000000000001	1.6625872005431438e-16	1.6625872005431438e-16
0.5000000000000001	0.5000000000000001	1.2031957801964573e-16	1.2031957801964573e-16
0.5000000000000001	0.5000000000000001	2.090543727495145e-16	2.090543727495145e-16
0.5000000000000001	0.5000000000000001	4.4220095211898166e-16	4.4220095211898166e-16
