n_up	n_dn	g_diff_up	g_diff_dn
0.5000000000000009	0.5000000000000009	8.184723383718975e-15	8.184723383718975e-15
0.500000000000001	0.500000000000001	1.3677657180932354e-15	1.3677657180932354e-15
0.500000000000001	0.500000000000001	1.0887639572694773e-15	1.0887639572694773e-15
0.500000000000001	0.500000000000001	9.040460438577589e-16	9.040460438577589e-16
0.500000000000001	0.500000000000001	1.0569036061593767e-15	1.0569036061593767e-15
0.500000000000001	0.500000000000001	6.572808720881057e-17	6.572808720881057e-17
0.500000000000001	0.500000000000001	1.9102172450183057e-15	1.9102172450183057e-15
0.500000000000001	0.500000000000001	1.0101299087400857e-15	1.0101299087400857e-15
0.500000000000001	0.500000000000001	9.574511607291656e-16	9.574511607291656e-16
