n_up	n_dn	g_diff_up	g_diff_dn
0.5000000000000012	0.5000000000000012	2.1670399130810823e-15	2.1670399130810823e-15
0.5000000000000012	0.5000000000000012	3.814848998391952e-16	3.814848998391952e-16
0.5000000000000012	0.5000000000000012	1.2927688738163072e-15	1.2927688738163072e-15
0.5000000000000012	0.5000000000000012	1.4626926473921692e-15	1.4626926473921692e-15
0.5000000000000012	0.5000000000000012	7.246949620405161e-17	7.246949620405161e-17
0.5000000000000012	0.5000000000000012	1.711919121939372e-16	1.711919121939372e-16
0.5000000000000012	0.5000000000000012	9.25037994470381e-16	9.25037994470381e-16
0.5000000000000012	0.5000000000000012	1.4999922832218406e-15	1.4999922832218406e-15
0.5000000000000012	0.5000000000000012	6.794031462393656e-16	6.794031462393656e-16
