n_up	n_dn	g_diff_up	g_diff_dn
0.5000000000000004	0.5000000000000004	2.397196150769837e-15	2.397196150769837e-15
0.5000000000000004	0.5000000000000004	7.142710480085941e-15	7.142710480085941e-15
0.5000000000000006	0.5000000000000006	6.2416282384790635e-15	6.2416282384790635e-15
0.5000000000000004	0.5000000000000004	5.262791061955946e-15	5.262791061955946e-15
0.5000000000000006	0.5000000000000006	5.452606863830629e-15	5.452606863830629e-15
0.5000000000000004	0.5000000000000004	3.857807565337144e-15	3.857807565337144e-15
0.5000000000000004	0.5000000000000004	2.174385046625552e-15	2.174385046625552e-15
0.5000000000000004	0.5000000000000004	3.805708547207457e-15	3.805708547207457e-15
0.5000000000000006	0.5000000000000006	4.0496155601373665e-15	4.0496155601373665e-15
