n_up	n_dn	g_diff_up	g_diff_dn
0.5000000000000002	0.5000000000000002	4.881323503303846e-15	4.881323503303846e-15
0.5000000000000003	0.5000000000000003	1.0865880127248906e-15	1.0865880127248906e-15
0.5000000000000002	0.5000000000000002	1.2672801001656986e-15	1.2672801001656986e-15
0.5000000000000003	0.5000000000000003	1.2146843110564388e-15	1.2146843110564388e-15
0.5000000000000002	0.5000000000000002	3.0170609891412304e-16	3.0170609891412304e-16
0.5000000000000002	0.5000000000000002	3.54644756649794e-16	3.54644756649794e-16
0.5000000000000002	0.5000000000000002	1.2256721854261956e-15	1.2256721854261956e-15
0.5000000000000003	0.5000000000000003	1.439282600103127e-15	1.439282600103127e-15
0.5000000000000002	0.5000000000000002	1.2205214001697502e-15	1.2205214001697502e-15
