n_up	n_dn	g_diff_up	g_diff_dn
0.5000000000000006	0.5000000000000006	3.1178941062443925e-15	3.1178941062443925e-15
0.5000000000000006	0.5000000000000006	1.377174218246154e-15	1.377174218246154e-15
0.5000000000000006	0.5000000000000006	4.327217516109395e-16	4.327217516109395e-16
0.5000000000000006	0.5000000000000006	1.2293388837141563e-15	1.2293388837141563e-15
0.5000000000000006	0.5000000000000006	4.524466269555417e-16	4.524466269555417e-16
0.5000000000000006	0.5000000000000006	1.2984416380611715e-15	1.2984416380611715e-15
0.5000000000000006	0.5000000000000006	2.2618079256550894e-15	2.2618079256550894e-15
0.5000000000000007	0.5000000000000007	8.145544735162934e-16	8.145544735162934e-16
0.5000000000000006	0.5000000000000006	1.0529841466981553e-16	1.0529841466981553e-16
