n_up	n_dn	g_diff_up	g_diff_dn
0.5000000000000007	0.5000000000000007	1.169096584606129e-14	1.169096584606129e-14
0.5000000000000009	0.5000000000000009	4.871806759507292e-15	4.871806759507292e-15
0.5000000000000008	0.5000000000000008	4.95813145504544e-15	4.95813145504544e-15
0.5000000000000009	0.5000000000000009	4.250819915608749e-15	4.250819915608749e-15
0.5000000000000008	0.5000000000000008	2.6868278107436875e-15	2.6868278107436875e-15
0.5000000000000008	0.5000000000000008	1.5734180826996467e-15	1.5734180826996467e-15
0.5000000000000008	0.5000000000000008	2.6606779632045372e-15	2.6606779632045372e-15
0.5000000000000009	0.5000000000000009	2.3167499798234782e-15	2.3167499798234782e-15
0.5000000000000008	0.5000000000000008	1.1630477994412608e-16	1.1630477994412608e-16
