n_up	n_dn	g_diff_up	g_diff_dn
0.5000000000000001	0.5000000000000001	2.0292539171304392e-15	2.0292539171304392e-15
0.5000000000000001	0.5000000000000001	3.0008814397276175e-16	3.0008814397276175e-16
0.5000000000000001	0.5000000000000001	9.170271892683411e-16	9.170271892683411e-16
0.5000000000000001	0.5000000000000001	2.236682281867685e-15	2.236682281867685e-15
0.5000000000000001	0.5000000000000001	2.339261545937989e-15	2.339261545937989e-15
0.5000000000000001	0.5000000000000001	7.851272337386583e-16	7.851272337386583e-16
0.5000000000000001	0.5000000000000001	4.205723338524613e-16	4.205723338524613e-16
0.5000000000000001	0.5000000000000001	4.477834335077743e-16	4.477834335077743e-16
0.5000000000000001	0.5000000000000001	1.465259833011671e-16	1.465259833011671e-16
