n_up	n_dn	g_diff_up	g_diff_dn
0.5000000000000004	0.5000000000000004	1.3742840925774407e-15	1.3742840925774407e-15
0.5000000000000006	0.5000000000000006	1.2797449630121339e-15	1.2797449630121339e-15
0.5000000000000004	0.5000000000000004	2.0828898604150073e-15	2.0828898604150073e-15
0.5000000000000006	0.5000000000000006	1.6895923706584224e-15	1.6895923706584224e-15
0.5000000000000004	0.5000000000000004	1.9393669647494984e-15	1.9393669647494984e-15
0.5000000000000006	0.5000000000000006	2.7867210625147342e-15	2.7867210625147342e-15
0.5000000000000004	0.5000000000000004	2.107796487610048e-15	2.107796487610048e-15
0.5000000000000006	0.5000000000000006	1.6308002818406734e-16	1.6308002818406734e-16
0.5000000000000006	0.5000000000000006	1.0084226937833704e-15	1.0084226937833704e-15
