n_up	n_dn	g_diff_up	g_diff_dn
0.5000000000000003	0.5000000000000003	8.991849392061247e-15	8.991849392061247e-15
0.5000000000000004	0.5000000000000004	3.5379644324029914e-15	3.5379644324029914e-15
0.5000000000000003	0.5000000000000003	1.5615772896242414e-15	1.5615772896242414e-15
0.5000000000000004	0.5000000000000004	5.556010262751154e-16	5.556010262751154e-16
0.5000000000000004	0.5000000000000004	1.6406897107683668e-16	1.6406897107683668e-16
0.5000000000000004	0.5000000000000004	7.968696697703215e-16	7.968696697703215e-16
0.5000000000000004	0.5000000000000004	4.690200211740606e-16	4.690200211740606e-16
0.5000000000000003	0.5000000000000003	6.802422257245388e-16	6.802422257245388e-16
0.5000000000000004	0.5000000000000004	4.633515437732969e-16	4.633515437732969e-16
