n_up	n_dn	g_diff_up	g_diff_dn
0.5000000000000008	0.5000000000000008	3.3965998657393323e-15	3.3965998657393323e-15
0.5000000000000009	0.5000000000000009	3.415192142010823e-15	3.415192142010823e-15
0.5000000000000009	0.5000000000000009	1.2100331646867383e-15	1.2100331646867383e-15
0.5000000000000009	0.5000000000000009	8.880674948947042e-16	8.880674948947042e-16
0.5000000000000009	0.5000000000000009	1.1043156194225686e-15	1.1043156194225686e-15
0.5000000000000009	0.5000000000000009	2.1568875442276053e-15	2.1568875442276053e-15
0.5000000000000009	0.5000000000000009	3.982540897864307e-15	3.982540897864307e-15
0.5000000000000008	0.5000000000000008	3.952890747022884e-15	3.952890747022884e-15
0.5000000000000009	0.5000000000000009	3.5387433473732507e-15	3.5387433473732507e-15
