n_up	n_dn	g_diff_up	g_diff_dn
0.5000000000000004	0.5000000000000004	4.86316117731792e-15	4.86316117731792e-15
0.5000000000000006	0.5000000000000006	1.3377284574907875e-15	1.3377284574907875e-15
0.5000000000000006	0.5000000000000006	7.166587173356681e-16	7.166587173356681e-16
0.5000000000000006	0.5000000000000006	1.8491516172549614e-15	1.8491516172549614e-15
0.5000000000000004	0.5000000000000004	2.0700180801898373e-16	2.0700180801898373e-16
0.5000000000000004	0.5000000000000004	8.8889504155344e-15	8.8889504155344e-15
0.5000000000000007	0.5000000000000007	1.3817526057078823e-14	1.3817526057078823e-14
0.5000000000000004	0.5000000000000004	9.605433179507137e-15	9.605433179507137e-15
0.5000000000000006	0.5000000000000006	9.8528545359672e-16	9.8528545359672e-16
