n_up	n_dn	g_diff_up	g_diff_dn
0.5000000000000002	0.5000000000000002	4.695025964693859e-16	4.695025964693859e-16
0.5000000000000002	0.5000000000000002	1.425839923716989e-15	1.425839923716989e-15
0.5000000000000003	0.5000000000000003	1.9985197353414687e-15	1.9985197353414687e-15
0.5000000000000002	0.5000000000000002	2.2280097601287627e-15	2.2280097601287627e-15
0.5000000000000003	0.5000000000000003	2.3613962353966274e-15	2.3613962353966274e-15
0.5000000000000002	0.5000000000000002	2.491935886926835e-15	2.491935886926835e-15
0.5000000000000003	0.5000000000000003	2.3044458146404504e-15	2.3044458146404504e-15
0.5000000000000002	0.5000000000000002	2.2250110756466277e-15	2.2250110756466277e-15
0.5000000000000003	0.5000000000000003	2.8524855218409536e-15	2.8524855218409536e-15
