n_up	n_dn	g_diff_up	g_diff_dn
0.5000000000000006	0.5000000000000006	7.236734991873013e-15	7.236734991873013e-15
0.5000000000000007	0.5000000000000007	4.1997733297273115e-15	4.1997733297273115e-15
0.5000000000000006	0.5000000000000006	1.810357806363687e-15	1.810357806363687e-15
0.5000000000000006	0.5000000000000006	9.530940963074505e-16	9.530940963074505e-16
0.5000000000000006	0.5000000000000006	8.119757189008499e-16	8.119757189008499e-16
0.5000000000000006	0.5000000000000006	4.107104787913547e-16	4.107104787913547e-16
0.5000000000000006	0.5000000000000006	2.027559466448214e-15	2.027559466448214e-15
0.5000000000000006	0.5000000000000006	7.924589756757424e-16	7.924589756757424e-16
0.5000000000000006	0.5000000000000006	6.716127770085737e-16	6.716127770085737e-16
