n_up	n_dn	g_diff_up	g_diff_dn
0.5000000000000008	0.5000000000000008	3.585808738364008e-15	3.585808738364008e-15
0.5000000000000009	0.5000000000000009	1.966203257798259e-15	1.966203257798259e-15
0.5000000000000009	0.5000000000000009	5.675481600588076e-16	5.675481600588076e-16
0.5000000000000009	0.5000000000000009	1.061615352765554e-15	1.061615352765554e-15
0.5000000000000009	0.5000000000000009	2.779070558708213e-15	2.779070558708213e-15
0.5000000000000009	0.5000000000000009	8.610260566100752e-16	8.610260566100752e-16
0.5000000000000009	0.5000000000000009	5.046037962394283e-15	5.046037962394283e-15
0.500000000000001	0.500000000000001	4.5287951559189005e-15	4.5287951559189005e-15
0.5000000000000009	0.5000000000000009	1.3330566002199305e-15	1.3330566002199305e-15
