n_up	n_dn	g_diff_up	g_diff_dn
0.5000000000000014	0.5000000000000014	5.9336414374816235e-15	5.9336414374816235e-15
0.5000000000000016	0.5000000000000016	3.448557780235568e-15	3.448557780235568e-15
0.5000000000000014	0.5000000000000014	3.885231889866714e-15	3.885231889866714e-15
0.5000000000000016	0.5000000000000016	1.799256176193821e-15	1.799256176193821e-15
0.5000000000000016	0.5000000000000016	9.670950403850534e-16	9.670950403850534e-16
0.5000000000000016	0.5000000000000016	3.049964627632918e-15	3.049964627632918e-15
0.5000000000000016	0.5000000000000016	3.827415935193671e-15	3.827415935193671e-15
0.5000000000000016	0.5000000000000016	3.484984184809426e-15	3.484984184809426e-15
0.5000000000000016	0.5000000000000016	2.4209322496497537e-15	2.4209322496497537e-15
