n_up	n_dn	g_diff_up	g_diff_dn
0.500000000000001	0.500000000000001	5.282887608441391e-15	5.282887608441391e-15
0.5000000000000011	0.5000000000000011	8.1862742444357925e-16	8.1862742444357925e-16
0.5000000000000011	0.5000000000000011	9.130784995519208e-16	9.130784995519208e-16
0.5000000000000012	0.5000000000000012	2.82308409368954e-16	2.82308409368954e-16
0.5000000000000012	0.5000000000000012	2.8161649277001927e-15	2.8161649277001927e-15
0.5000000000000011	0.5000000000000011	2.7065014431082096e-15	2.7065014431082096e-15
0.5000000000000012	0.5000000000000012	2.894334265448576e-15	2.894334265448576e-15
0.5000000000000011	0.5000000000000011	1.0847281967734566e-15	1.0847281967734566e-15
0.5000000000000011	0.5000000000000011	4.889899836522606e-16	4.889899836522606e-16
