n_up	n_dn	g_diff_up	g_diff_dn
0.5000000000000001	0.5000000000000001	1.4227772643538972e-15	1.4227772643538972e-15
0.5000000000000001	0.5000000000000001	1.352995404551635e-15	1.352995404551635e-15
0.5000000000000001	0.5000000000000001	2.420030805146254e-15	2.420030805146254e-15
0.5000000000000001	0.5000000000000001	2.749295301620209e-15	2.749295301620209e-15
0.5000000000000001	0.5000000000000001	2.4609127759116766e-15	2.4609127759116766e-15
0.5000000000000001	0.5000000000000001	1.6568411807660203e-15	1.6568411807660203e-15
0.5000000000000001	0.5000000000000001	7.70740185802673e-16	7.70740185802673e-16
0.5000000000000001	0.5000000000000001	1.3313833131287353e-16	1.3313833131287353e-16
0.5000000000000001	0.5000000000000001	6.967782994869643e-16	6.967782994869643e-16
