n_up	n_dn	g_diff_up	g_diff_dn
0.5000000000000006	0.5000000000000006	3.6356241773905246e-16	3.6356241773905246e-16
0.5000000000000006	0.5000000000000006	2.374455783902559e-15	2.374455783902559e-15
0.5000000000000007	0.5000000000000007	1.4826404664850982e-15	1.4826404664850982e-15
0.5000000000000007	0.5000000000000007	7.598148622954809e-16	7.598148622954809e-16
0.5000000000000007	0.5000000000000007	5.265837139385141e-16	5.265837139385141e-16
0.5000000000000007	0.5000000000000007	9.124794789156739e-16	9.124794789156739e-16
0.5000000000000007	0.5000000000000007	9.17598843850231e-16	9.17598843850231e-16
0.5000000000000007	0.5000000000000007	1.6680482506940945e-15	1.6680482506940945e-15
0.5000000000000007	0.5000000000000007	2.3369830183709117e-15	2.3369830183709117e-15
