n_up	n_dn	g_diff_up	g_diff_dn
0.5000000000000001	0.5000000000000001	2.6608478069043617e-15	2.6608478069043617e-15
0.5000000000000001	0.5000000000000001	7.690445744320278e-16	7.690445744320278e-16
0.5000000000000001	0.5000000000000001	4.3552640860168745e-16	4.3552640860168745e-16
0.5000000000000001	0.5000000000000001	4.631523673925016e-16	4.631523673925016e-16
0.5000000000000001	0.5000000000000001	3.3499070927704435e-16	3.3499070927704435e-16
0.5000000000000001	0.5000000000000001	4.3948925726256574e-16	4.3948925726256574e-16
0.5000000000000001	0.5000000000000001	7.020833456813949e-16	7.020833456813949e-16
0.5000000000000001	0.5000000000000001	5.0145296936012e-16	5.0145296936012e-16
0.5000000000000001	0.5000000000000001	6.44141490469402e-16	6.44141490469402e-16
