n_up	n_dn	g_diff_up	g_diff_dn
0.5000000000000001	0.5000000000000001	2.118272911203102e-16	2.118272911203102e-16
0.5000000000000002	0.5000000000000002	7.991003351254041e-17	7.991003351254041e-17
0.5000000000000002	0.5000000000000002	2.1800411973698543e-16	2.1800411973698543e-16
0.5000000000000001	0.5000000000000001	2.0067467630824186e-16	2.0067467630824186e-16
0.5000000000000002	0.5000000000000002	1.5834560083735076e-16	1.5834560083735076e-16
0.5000000000000001	0.5000000000000001	8.304852329828698e-18	8.304852329828698e-18
0.5000000000000001	0.5000000000000001	2.72611268342355e-16	2.72611268342355e-16
0.5000000000000002	0.5000000000000002	1.9840085590474312e-16	1.9840085590474312e-16
0.5000000000000002	0.5000000000000002	4.021733411352446e-17	4.021733411352446e-17
