n_up	n_dn	g_diff_up	g_diff_dn
0.5000000000000004	0.5000000000000004	3.2673611820891033e-15	3.2673611820891033e-15
0.5000000000000006	0.5000000000000006	4.2088784567377645e-15	4.2088784567377645e-15
0.5000000000000004	0.5000000000000004	7.207571859321616e-16	7.207571859321616e-16
0.5000000000000004	0.5000000000000004	7.3947434226608e-17	7.3947434226608e-17
0.5000000000000004	0.5000000000000004	4.234158063781975e-15	4.234158063781975e-15
0.5000000000000006	0.5000000000000006	2.4731471967313644e-15	2.4731471967313644e-15
0.5000000000000004	0.5000000000000004	8.924146716628425e-16	8.924146716628425e-16
0.5000000000000004	0.5000000000000004	1.8648218177339086e-15	1.8648218177339086e-15
0.5000000000000004	0.5000000000000004	2.6608987699991363e-16	2.6608987699991363e-16
