n_up	n_dn	g_diff_up	g_diff_dn
0.5000000000000004	0.5000000000000004	3.823817021154885e-15	3.823817021154885e-15
0.5000000000000003	0.5000000000000003	1.0059339396804993e-14	1.0059339396804993e-14
0.5000000000000006	0.5000000000000006	2.9878277388690013e-15	2.9878277388690013e-15
0.5000000000000004	0.5000000000000004	5.184251850228506e-15	5.184251850228506e-15
0.5000000000000003	0.5000000000000003	6.208376383241589e-15	6.208376383241589e-15
0.5000000000000006	0.5000000000000006	7.550134583357325e-15	7.550134583357325e-15
0.5000000000000003	0.5000000000000003	1.1980338995920635e-14	1.1980338995920635e-14
0.5000000000000006	0.5000000000000006	1.2110654209391323e-14	1.2110654209391323e-14
0.5000000000000003	0.5000000000000003	9.551969158290847e-15	9.551969158290847e-15
