n_up	n_dn	g_diff_up	g_diff_dn
0.5000000000000001	0.5000000000000001	3.1807635738819247e-15	3.1807635738819247e-15
0.5000000000000001	0.5000000000000001	4.702047949037773e-16	4.702047949037773e-16
0.5000000000000001	0.5000000000000001	1.216266195539956e-16	1.216266195539956e-16
0.5000000000000001	0.5000000000000001	5.228990489520762e-16	5.228990489520762e-16
0.5000000000000001	0.5000000000000001	7.790315105956417e-16	7.790315105956417e-16
0.5000000000000001	0.5000000000000001	7.469806577573883e-16	7.469806577573883e-16
0.5000000000000001	0.5000000000000001	7.458883311281158e-16	7.458883311281158e-16
0.5000000000000001	0.5000000000000001	8.003645047975874e-16	8.003645047975874e-16
0.5000000000000001	0.5000000000000001	6.704457798992476e-16	6.704457798992476e-16
