n_up	n_dn	g_diff_up	g_diff_dn
0.5000000000000001	0.5000000000000001	2.541908625784484e-15	2.541908625784484e-15
0.5000000000000001	0.5000000000000001	1.017571418266045e-16	1.017571418266045e-16
0.5000000000000001	0.5000000000000001	2.7482777748771805e-16	2.7482777748771805e-16
0.5000000000000001	0.5000000000000001	6.362422617554923e-16	6.362422617554923e-16
0.5000000000000001	0.5000000000000001	8.930726249669652e-17	8.930726249669652e-17
0.5000000000000001	0.5000000000000001	3.222381299723816e-16	3.222381299723816e-16
0.5000000000000001	0.5000000000000001	1.5369738025874622e-16	1.5369738025874622e-16
0.5000000000000001	0.5000000000000001	1.154697571936673e-16	1.154697571936673e-16
0.5000000000000001	0.5000000000000001	6.874738504038572e-17	6.874738504038572e-17
