n_up	n_dn	g_diff_up	g_diff_dn
0.5000000000000002	0.5000000000000002	5.15781302474301e-16	5.15781302474301e-16
0.5000000000000003	0.5000000000000003	4.760237555830008e-16	4.760237555830008e-16
0.5000000000000002	0.5000000000000002	2.759032773546313e-16	2.759032773546313e-16
0.5000000000000002	0.5000000000000002	2.5795216245151876e-16	2.5795216245151876e-16
0.5000000000000002	0.5000000000000002	1.0762270814100543e-17	1.0762270814100543e-17
0.5000000000000002	0.5000000000000002	1.622272902039009e-16	1.622272902039009e-16
0.5000000000000002	0.5000000000000002	1.178330730389835e-18	1.178330730389835e-18
0.5000000000000002	0.5000000000000002	8.321692036013029e-17	8.321692036013029e-17
0.5000000000000002	0.5000000000000002	1.9932485011421657e-16	1.9932485011421657e-16
