n_up	n_dn	g_diff_up	g_diff_dn
0.5000000000000001	0.5000000000000001	2.028545986875797e-16	2.028545986875797e-16
0.5000000000000001	0.5000000000000001	2.0633283279704466e-16	2.0633283279704466e-16
0.5000000000000001	0.5000000000000001	2.3412545824343824e-16	2.3412545824343824e-16
0.5000000000000002	0.5000000000000002	2.1597570320461366e-16	2.1597570320461366e-16
0.5000000000000001	0.5000000000000001	1.8810518565659338e-16	1.8810518565659338e-16
0.5000000000000002	0.5000000000000002	3.7375127104378503e-16	3.7375127104378503e-16
0.5000000000000001	0.5000000000000001	5.558657353594783e-16	5.558657353594783e-16
0.5000000000000002	0.5000000000000002	9.238408350213392e-16	9.238408350213392e-16
0.5000000000000001	0.5000000000000001	3.936913601132953e-16	3.936913601132953e-16
