n_up	n_dn	g_diff_up	g_diff_dn
0.5000000000000001	0.5000000000000001	8.642931324915528e-16	8.642931324915528e-16
0.5000000000000002	0.5000000000000002	2.228337515508394e-16	2.228337515508394e-16
0.5000000000000002	0.5000000000000002	1.4760674618023518e-16	1.4760674618023518e-16
0.5000000000000002	0.5000000000000002	1.1970080741293205e-16	1.1970080741293205e-16
0.5000000000000002	0.5000000000000002	6.242638824174219e-16	6.242638824174219e-16
0.5000000000000001	0.5000000000000001	3.1966836508655093e-16	3.1966836508655093e-16
0.5000000000000002	0.5000000000000002	3.1170585327010943e-16	3.1170585327010943e-16
0.5000000000000002	0.5000000000000002	2.3564328719586515e-16	2.3564328719586515e-16
0.5000000000000002	0.5000000000000002	3.345997478298077e-16	3.345997478298077e-16
