n_up	n_dn	g_diff_up	g_diff_dn
0.5000000000000008	0.5000000000000008	2.0518133977933674e-15	2.0518133977933674e-15
0.5000000000000008	0.5000000000000008	1.2763715797572537e-15	1.2763715797572537e-15
0.5000000000000008	0.5000000000000008	1.3403534477056089e-15	1.3403534477056089e-15
0.5000000000000008	0.5000000000000008	2.834573599610038e-16	2.834573599610038e-16
0.5000000000000008	0.5000000000000008	4.4275522658998216e-15	4.4275522658998216e-15
0.5000000000000008	0.5000000000000008	2.18628558423341e-15	2.18628558423341e-15
0.5000000000000008	0.5000000000000008	4.194417119340715e-15	4.194417119340715e-15
0.5000000000000009	0.5000000000000009	4.2960051974800906e-15	4.2960051974800906e-15
0.5000000000000008	0.5000000000000008	8.629582994217283e-16	8.629582994217283e-16
