n_up	n_dn	g_diff_up	g_diff_dn
0.5000000000000008	0.5000000000000008	1.750722740167337e-14	1.750722740167337e-14
0.5000000000000006	0.5000000000000006	2.2900576324863216e-14	2.2900576324863216e-14
0.5000000000000009	0.5000000000000009	2.0798632878576725e-14	2.0798632878576725e-14
0.5000000000000006	0.5000000000000006	1.632279526459082e-14	1.632279526459082e-14
0.5000000000000008	0.5000000000000008	1.4871113194095252e-14	1.4871113194095252e-14
0.5000000000000006	0.5000000000000006	1.5414533565067225e-14	1.5414533565067225e-14
0.5000000000000008	0.5000000000000008	1.0445152486042565e-14	1.0445152486042565e-14
0.5000000000000007	0.5000000000000007	7.029250400421552e-15	7.029250400421552e-15
0.5000000000000008	0.5000000000000008	6.373360820859807e-15	6.373360820859807e-15
