n_up	n_dn	g_diff_up	g_diff_dn
0.5000000000000003	0.5000000000000003	5.450344539771785e-15	5.450344539771785e-15
0.5000000000000004	0.5000000000000004	5.0845216431556647e-17	5.0845216431556647e-17
0.5000000000000004	0.5000000000000004	6.075038854185341e-16	6.075038854185341e-16
0.5000000000000004	0.5000000000000004	7.217952852679479e-16	7.217952852679479e-16
0.5000000000000004	0.5000000000000004	8.03916507151495e-16	8.03916507151495e-16
0.5000000000000004	0.5000000000000004	7.879161544652869e-16	7.879161544652869e-16
0.5000000000000004	0.5000000000000004	9.441995352149787e-16	9.441995352149787e-16
0.5000000000000004	0.5000000000000004	1.864159633622195e-15	1.864159633622195e-15
0.5000000000000004	0.5000000000000004	2.234972110578866e-15	2.234972110578866e-15
