n_up	n_dn	g_diff_up	g_diff_dn
0.5000000000000001	0.5000000000000001	3.856080916760137e-15	3.856080916760137e-15
0.5000000000000002	0.5000000000000002	1.3635951465220203e-15	1.3635951465220203e-15
0.5000000000000001	0.5000000000000001	9.404589096294627e-16	9.404589096294627e-16
0.5000000000000002	0.5000000000000002	7.583393721512103e-16	7.583393721512103e-16
0.5000000000000001	0.5000000000000001	7.888221169866138e-16	7.888221169866138e-16
0.5000000000000002	0.5000000000000002	5.732868307870946e-16	5.732868307870946e-16
0.5000000000000001	0.5000000000000001	8.728577122864259e-16	8.728577122864259e-16
0.5000000000000002	0.5000000000000002	4.372438886589565e-16	4.372438886589565e-16
0.5000000000000002	0.5000000000000002	2.886196985894799e-16	2.886196985894799e-16
