n_up	n_dn	g_diff_up	g_diff_dn
0.5000000000000001	0.5000000000000001	3.613371686376107e-16	3.613371686376107e-16
0.5	0.5	5.742421495539398e-16	5.742421495539398e-16
0.5000000000000001	0.5000000000000001	6.393708837961528e-16	6.393708837961528e-16
0.5	0.5	5.504008157850877e-16	5.504008157850877e-16
0.5000000000000001	0.5000000000000001	2.4763627730507533e-16	2.4763627730507533e-16
0.5000000000000001	0.5000000000000001	2.812139435250411e-16	2.812139435250411e-16
0.5000000000000001	0.5000000000000001	4.663384715470967e-16	4.663384715470967e-16
0.5	0.5	3.4620562922322844e-16	3.4620562922322844e-16
0.5000000000000001	0.5000000000000001	1.826171185113603e-16	1.826171185113603e-16
