n_up	n_dn	g_diff_up	g_diff_dn
0.5000000000000002	0.5000000000000002	1.2669790519258873e-15	1.2669790519258873e-15
0.5000000000000003	0.5000000000000003	1.6798696962332186e-15	1.6798696962332186e-15
0.5000000000000003	0.5000000000000003	4.065923582362576e-15	4.065923582362576e-15
0.5000000000000002	0.5000000000000002	3.184449398345564e-15	3.184449398345564e-15
0.5000000000000003	0.5000000000000003	2.575187124622829e-16	2.575187124622829e-16
0.5000000000000003	0.5000000000000003	1.8826968168512374e-15	1.8826968168512374e-15
0.5000000000000002	0.5000000000000002	2.1393860304899644e-16	2.1393860304899644e-16
0.5000000000000003	0.5000000000000003	3.1805160979026612e-15	3.1805160979026612e-15
0.5000000000000003	0.5000000000000003	3.2938751776874376e-15	3.2938751776874376e-15
