n_up	n_dn	g_diff_up	g_diff_dn
0.5000000000000002	0.5000000000000002	6.76119246592907e-17	6.76119246592907e-17
0.5000000000000002	0.5000000000000002	9.70636537719007e-16	9.70636537719007e-16
0.5000000000000003	0.5000000000000003	2.2326960153773144e-16	2.2326960153773144e-16
0.5000000000000003	0.5000000000000003	1.5969550594163556e-16	1.5969550594163556e-16
0.5000000000000003	0.5000000000000003	2.4716128429448416e-15	2.4716128429448416e-15
0.5000000000000003	0.5000000000000003	1.2459235138017772e-15	1.2459235138017772e-15
0.5000000000000003	0.5000000000000003	1.524024926904209e-15	1.524024926904209e-15
0.5000000000000003	0.5000000000000003	8.849995936839059e-16	8.849995936839059e-16
0.5000000000000003	0.5000000000000003	2.6717716697131006e-16	2.6717716697131006e-16
