n_up	n_dn	g_diff_up	g_diff_dn
0.5000000000000001	0.5000000000000001	2.7852658387825225e-15	2.7852658387825225e-15
0.5000000000000002	0.5000000000000002	2.0329212648135415e-17	2.0329212648135415e-17
0.5000000000000002	0.5000000000000002	1.3350695398531019e-16	1.3350695398531019e-16
0.5000000000000002	0.5000000000000002	7.4020278468232e-17	7.4020278468232e-17
0.5000000000000002	0.5000000000000002	2.876512081070812e-16	2.876512081070812e-16
0.5000000000000002	0.5000000000000002	7.221215738822497e-16	7.221215738822497e-16
0.5000000000000002	0.5000000000000002	4.947665723919324e-16	4.947665723919324e-16
0.5000000000000002	0.5000000000000002	4.155784715329241e-18	4.155784715329241e-18
0.5000000000000002	0.5000000000000002	5.744763938927025e-17	5.744763938927025e-17
