n_up	n_dn	g_diff_up	g_diff_dn
0.5000000000000004	0.5000000000000004	3.871873003829914e-15	3.871873003829914e-15
0.5000000000000006	0.5000000000000006	3.4056844714355095e-16	3.4056844714355095e-16
0.5000000000000006	0.5000000000000006	2.7801656337317566e-15	2.7801656337317566e-15
0.5000000000000004	0.5000000000000004	4.075899690699983e-15	4.075899690699983e-15
0.5000000000000006	0.5000000000000006	1.851587190725732e-15	1.851587190725732e-15
0.5000000000000006	0.5000000000000006	3.1822602223335544e-15	3.1822602223335544e-15
0.5000000000000006	0.5000000000000006	6.001722343092592e-15	6.001722343092592e-15
0.5000000000000004	0.5000000000000004	8.835397631371116e-15	8.835397631371116e-15
0.5000000000000006	0.5000000000000006	1.2413859430668511e-14	1.2413859430668511e-14
