n_up	n_dn	g_diff_up	g_diff_dn
0.5000000000000001	0.5000000000000001	1.252788209511245e-15	1.252788209511245e-15
0.5000000000000001	0.5000000000000001	7.161321661223572e-16	7.161321661223572e-16
0.5000000000000001	0.5000000000000001	6.125758496066203e-16	6.125758496066203e-16
0.5000000000000001	0.5000000000000001	4.385308070626781e-16	4.385308070626781e-16
0.5000000000000001	0.5000000000000001	5.385064578180574e-16	5.385064578180574e-16
0.5000000000000001	0.5000000000000001	3.857684331833639e-16	3.857684331833639e-16
0.5000000000000001	0.5000000000000001	2.1488415100953966e-16	2.1488415100953966e-16
0.5000000000000001	0.5000000000000001	7.346350757035547e-18	7.346350757035547e-18
0.5000000000000001	0.5000000000000001	3.199777060257117e-18	3.199777060257117e-18
