n_up	n_dn	g_diff_up	g_diff_dn
0.5000000000000001	0.5000000000000001	1.6508831002028242e-15	1.6508831002028242e-15
0.5000000000000002	0.5000000000000002	3.4797883611683594e-16	3.4797883611683594e-16
0.5000000000000002	0.5000000000000002	2.0023956534185677e-16	2.0023956534185677e-16
0.5000000000000002	0.5000000000000002	2.357744459325806e-16	2.357744459325806e-16
0.5000000000000002	0.5000000000000002	1.2179254228990885e-16	1.2179254228990885e-16
0.5000000000000002	0.5000000000000002	3.5791115555502125e-16	3.5791115555502125e-16
0.5000000000000002	0.5000000000000002	5.323466903879812e-16	5.323466903879812e-16
0.5000000000000002	0.5000000000000002	2.8766008750372565e-16	2.8766008750372565e-16
0.5000000000000002	0.5000000000000002	7.495275781602629e-16	7.495275781602629e-16
