n_up	n_dn	g_diff_up	g_diff_dn
0.5000000000000006	0.5000000000000006	3.1927884268725087e-16	3.1927884268725087e-16
0.5000000000000006	0.5000000000000006	8.814801686627313e-16	8.814801686627313e-16
0.5000000000000006	0.5000000000000006	6.108541709967394e-16	6.108541709967394e-16
0.5000000000000006	0.5000000000000006	4.4071734211056637e-16	4.4071734211056637e-16
0.5000000000000006	0.5000000000000006	6.193836047279115e-16	6.193836047279115e-16
0.5000000000000006	0.5000000000000006	1.1209215615133624e-15	1.1209215615133624e-15
0.5000000000000006	0.5000000000000006	1.7504826590535692e-15	1.7504826590535692e-15
0.5000000000000006	0.5000000000000006	3.395999893417182e-16	3.395999893417182e-16
0.5000000000000006	0.5000000000000006	7.068197488243443e-16	7.068197488243443e-16
