n_up	n_dn	g_diff_up	g_diff_dn
0.5000000000000008	0.5000000000000008	5.442248443812488e-15	5.442248443812488e-15
0.5000000000000009	0.5000000000000009	3.087704293674967e-15	3.087704293674967e-15
0.5000000000000009	0.5000000000000009	1.97319725530166e-15	1.97319725530166e-15
0.5000000000000009	0.5000000000000009	1.4551870045126926e-15	1.4551870045126926e-15
0.5000000000000009	0.5000000000000009	2.7174136632302693e-16	2.7174136632302693e-16
0.5000000000000009	0.5000000000000009	2.221040601625423e-15	2.221040601625423e-15
0.5000000000000009	0.5000000000000009	3.3489177724506386e-15	3.3489177724506386e-15
0.5000000000000009	0.5000000000000009	3.756287642377774e-15	3.756287642377774e-15
0.5000000000000009	0.5000000000000009	4.335848979238145e-15	4.335848979238145e-15
