n_up	n_dn	g_diff_up	g_diff_dn
0.5000000000000008	0.5000000000000008	1.8990107621152445e-15	1.8990107621152445e-15
0.5000000000000009	0.5000000000000009	1.6051049092745575e-15	1.6051049092745575e-15
0.5000000000000009	0.5000000000000009	9.047235726907923e-16	9.047235726907923e-16
0.5000000000000009	0.5000000000000009	1.7428499922911707e-16	1.7428499922911707e-16
0.5000000000000009	0.5000000000000009	1.9162791371747586e-16	1.9162791371747586e-16
0.5000000000000009	0.5000000000000009	7.24259152704187e-16	7.24259152704187e-16
0.5000000000000009	0.5000000000000009	7.165022642424901e-16	7.165022642424901e-16
0.5000000000000009	0.5000000000000009	3.3426530563141823e-16	3.3426530563141823e-16
0.5000000000000009	0.5000000000000009	7.439407008868164e-16	7.439407008868164e-16
