n_up	n_dn	g_diff_up	g_diff_dn
0.5000000000000006	0.5000000000000006	6.449665936914051e-15	6.449665936914051e-15
0.5000000000000007	0.5000000000000007	8.901142481696275e-16	8.901142481696275e-16
0.5000000000000007	0.5000000000000007	5.122010420291801e-16	5.122010420291801e-16
0.5000000000000007	0.5000000000000007	1.6145494783088426e-15	1.6145494783088426e-15
0.5000000000000007	0.5000000000000007	4.41931689388133e-16	4.41931689388133e-16
0.5000000000000007	0.5000000000000007	1.3015209349218031e-15	1.3015209349218031e-15
0.5000000000000007	0.5000000000000007	1.4810994383643155e-15	1.4810994383643155e-15
0.5000000000000007	0.5000000000000007	2.881804207557179e-15	2.881804207557179e-15
0.5000000000000007	0.5000000000000007	2.8391697524256573e-15	2.8391697524256573e-15
