n_up	n_dn	g_diff_up	g_diff_dn
0.5000000000000003	0.5000000000000003	2.065549733631028e-15	2.065549733631028e-15
0.5000000000000003	0.5000000000000003	2.2816400629900815e-15	2.2816400629900815e-15
0.5000000000000003	0.5000000000000003	2.6059518404235932e-15	2.6059518404235932e-15
0.5000000000000003	0.5000000000000003	1.2180834864860027e-16	1.2180834864860027e-16
0.5000000000000003	0.5000000000000003	1.978035734809805e-15	1.978035734809805e-15
0.5000000000000003	0.5000000000000003	2.9198237944979507e-15	2.9198237944979507e-15
0.5000000000000004	0.5000000000000004	3.807394056209846e-15	3.807394056209846e-15
0.5000000000000002	0.5000000000000002	2.9729454714035255e-15	2.9729454714035255e-15
0.5000000000000003	0.5000000000000003	1.3835817200537804e-15	1.3835817200537804e-15
