n_up	n_dn	g_diff_up	g_diff_dn
0.5000000000000006	0.5000000000000006	2.4699769437490036e-15	2.4699769437490036e-15
0.5000000000000007	0.5000000000000007	2.392634656762296e-15	2.392634656762296e-15
0.5000000000000007	0.5000000000000007	2.701706747974015e-15	2.701706747974015e-15
0.5000000000000007	0.5000000000000007	1.8031283408837483e-15	1.8031283408837483e-15
0.5000000000000007	0.5000000000000007	1.2505556611796002e-15	1.2505556611796002e-15
0.5000000000000007	0.5000000000000007	2.5990501978304537e-15	2.5990501978304537e-15
0.5000000000000007	0.5000000000000007	1.9981647896750406e-15	1.9981647896750406e-15
0.5000000000000007	0.5000000000000007	5.964173345174514e-16	5.964173345174514e-16
0.5000000000000007	0.5000000000000007	1.2784827080052172e-15	1.2784827080052172e-15
