n_up	n_dn	g_diff_up	g_diff_dn
0.500000000000002	0.500000000000002	6.742592105241486e-15	6.742592105241486e-15
0.500000000000002	0.500000000000002	8.576257492387575e-16	8.576257492387575e-16
0.500000000000002	0.500000000000002	1.4431913047831939e-15	1.4431913047831939e-15
0.500000000000002	0.500000000000002	1.4048590976403978e-15	1.4048590976403978e-15
0.500000000000002	0.500000000000002	1.640376303873506e-15	1.640376303873506e-15
0.500000000000002	0.500000000000002	1.357797298176269e-16	1.357797298176269e-16
0.500000000000002	0.500000000000002	1.1072108749539589e-15	1.1072108749539589e-15
0.500000000000002	0.500000000000002	9.70446183226271e-16	9.70446183226271e-16
0.5000000000000021	0.5000000000000021	3.505418160066707e-16	3.505418160066707e-16
