n_up	n_dn	g_diff_up	g_diff_dn
0.5000000000000003	0.5000000000000003	6.5954833071117e-17	6.5954833071117e-17
0.5000000000000003	0.5000000000000003	2.179261379271907e-16	2.179261379271907e-16
0.5000000000000003	0.5000000000000003	5.584001176948401e-16	5.584001176948401e-16
0.5000000000000004	0.5000000000000004	6.935027468432944e-16	6.935027468432944e-16
0.5000000000000003	0.5000000000000003	2.881467095856126e-16	2.881467095856126e-16
0.5000000000000003	0.5000000000000003	6.119830130495662e-17	6.119830130495662e-17
0.5000000000000003	0.5000000000000003	7.313638554581067e-17	7.313638554581067e-17
0.5000000000000003	0.5000000000000003	5.909759786053685e-16	5.909759786053685e-16
0.5000000000000004	0.5000000000000004	2.4828472454172625e-16	2.4828472454172625e-16
