n_up	n_dn	g_diff_up	g_diff_dn
0.5000000000000001	0.5000000000000001	3.2168011909502235e-15	3.2168011909502235e-15
0.5000000000000001	0.5000000000000001	3.4453918422440736e-16	3.4453918422440736e-16
0.5000000000000001	0.5000000000000001	2.35754005586641e-16	2.35754005586641e-16
0.5000000000000001	0.5000000000000001	4.463341329446991e-16	4.463341329446991e-16
0.5000000000000001	0.5000000000000001	7.546887978539265e-16	7.546887978539265e-16
0.5000000000000001	0.5000000000000001	5.769155689946007e-17	5.769155689946007e-17
0.5000000000000001	0.5000000000000001	1.1075976253392121e-16	1.1075976253392121e-16
0.5000000000000001	0.5000000000000001	8.576326638955002e-16	8.576326638955002e-16
0.5000000000000001	0.5000000000000001	4.76658231923006e-16	4.76658231923006e-16
