n_up	n_dn	g_diff_up	g_diff_dn
0.5000000000000002	0.5000000000000002	2.3738686165853427e-16	2.3738686165853427e-16
0.5000000000000002	0.5000000000000002	8.499166551441823e-16	8.499166551441823e-16
0.5000000000000002	0.5000000000000002	7.514343969438436e-16	7.514343969438436e-16
0.5000000000000002	0.5000000000000002	7.448158562827871e-16	7.448158562827871e-16
0.5000000000000002	0.5000000000000002	8.94199419829452e-16	8.94199419829452e-16
0.5000000000000002	0.5000000000000002	9.933801584242118e-16	9.933801584242118e-16
0.5000000000000002	0.5000000000000002	1.7698067418735527e-17	1.7698067418735527e-17
0.5000000000000002	0.5000000000000002	1.0964226860812588e-15	1.0964226860812588e-15
0.5000000000000002	0.5000000000000002	5.73796011701595e-16	5.73796011701595e-16
