0.000000000000000000e+00 4.999350786323311646e-01
1.120000000000000107e+00 3.184852710971942669e-01
2.240000000000000213e+00 2.230406147548096851e-01
3.360000000000000320e+00 1.674879392529967648e-01
4.480000000000000426e+00 1.324791746676379778e-01
5.600000000000000533e+00 1.089479561565038224e-01
6.720000000000000639e+00 9.227928104696822564e-02
7.840000000000000746e+00 7.995773048693924356e-02
8.960000000000000853e+00 7.052888633327140944e-02
1.008000000000000185e+01 6.310720762116894811e-02
1.120000000000000107e+01 5.712857064647908212e-02
1.232000000000000028e+01 5.221914026120842711e-02
1.344000000000000128e+01 4.812252995671759820e-02
1.456000000000000227e+01 4.465757770039990859e-02
1.568000000000000149e+01 4.169290812416955733e-02
1.680000000000000071e+01 3.913106687000108413e-02
1.792000000000000171e+01 3.689831222850831899e-02
1.904000000000000270e+01 3.493786095939867276e-02
2.016000000000000369e+01 3.320530634018644539e-02
2.128000000000000114e+01 3.166543928572391337e-02
2.240000000000000213e+01 3.028999793900716275e-02
2.352000000000000313e+01 2.905604529781468173e-02
2.464000000000000057e+01 2.794478019935299831e-02
2.576000000000000156e+01 2.694065279584581876e-02
2.688000000000000256e+01 2.603069753835979619e-02
2.800000000000000355e+01 2.520402389979766941e-02
2.912000000000000455e+01 2.445142308916995258e-02
3.024000000000000199e+01 2.376506115411264330e-02
3.136000000000000298e+01 2.313823718680663513e-02
3.248000000000000398e+01 2.256519113161700382e-02
3.360000000000000142e+01 2.204094976965620747e-02
3.472000000000000597e+01 2.156120236680987221e-02
3.584000000000000341e+01 2.112219957589559632e-02
3.696000000000000085e+01 2.072067072152165498e-02
3.808000000000000540e+01 2.035375573212671804e-02
3.920000000000000284e+01 2.001894883101253131e-02
4.032000000000000739e+01 1.971405173615932080e-02
4.144000000000000483e+01 1.943713460322062797e-02
4.256000000000000227e+01 1.918650331730909972e-02
4.368000000000000682e+01 1.896067202584373473e-02
4.480000000000000426e+01 1.875834002783214466e-02
4.592000000000000171e+01 1.857837230994031225e-02
4.704000000000000625e+01 1.841978315799848095e-02
4.816000000000000369e+01 1.828172238275941469e-02
4.928000000000000114e+01 1.816346378721690746e-02
5.040000000000000568e+01 1.806439557451537323e-02
5.152000000000000313e+01 1.798401245420404651e-02
5.264000000000000767e+01 1.792190925323465175e-02
5.376000000000000512e+01 1.787777587896183587e-02
5.488000000000000256e+01 1.785139351630767035e-02
5.600000000000000711e+01 1.784263197167309037e-02
5.712000000000000455e+01 1.785144810334768004e-02
5.824000000000000909e+01 1.787788530313128704e-02
5.936000000000000654e+01 1.792207401756512261e-02
6.048000000000000398e+01 1.798423332043636719e-02
6.160000000000000853e+01 1.806467357190669198e-02
6.272000000000000597e+01 1.816380022458156246e-02
6.384000000000000341e+01 1.828211886401284736e-02
6.496000000000000796e+01 1.842024160155843193e-02
6.608000000000001251e+01 1.857889497243811819e-02
6.720000000000000284e+01 1.875892953270286503e-02
6.832000000000000739e+01 1.896133139750229638e-02
6.944000000000001194e+01 1.918723602178756121e-02
7.056000000000000227e+01 1.943794459634701904e-02
7.168000000000000682e+01 1.971494352061208682e-02
7.280000000000001137e+01 2.001992752390105434e-02
7.392000000000000171e+01 2.035482714514554384e-02
7.504000000000000625e+01 2.072184145622916682e-02
7.616000000000001080e+01 2.112347713730954035e-02
7.728000000000000114e+01 2.156259529933728103e-02
7.840000000000000568e+01 2.204246782044420525e-02
7.952000000000001023e+01 2.256684544780728635e-02
8.064000000000001478e+01 2.314004055501592272e-02
8.176000000000000512e+01 2.376702829290582714e-02
8.288000000000000966e+01 2.445357100857200802e-02
8.400000000000001421e+01 2.520637234633259227e-02
8.512000000000000455e+01 2.603326955018626584e-02
8.624000000000000909e+01 2.694347540097685734e-02
8.736000000000001364e+01 2.794788530173606539e-02
8.848000000000000398e+01 2.905947081276798183e-02
8.960000000000000853e+01 3.029378926353439722e-02
9.072000000000001307e+01 3.166965122424482415e-02
9.184000000000000341e+01 3.321000565800680260e-02
9.296000000000000796e+01 3.494312981402070833e-02
9.408000000000001251e+01 3.690425284755569080e-02
9.520000000000000284e+01 3.913780802850309187e-02
9.632000000000000739e+01 4.170061426355688161e-02
9.744000000000001194e+01 4.466646199378510040e-02
9.856000000000000227e+01 4.813287337051423698e-02
9.968000000000000682e+01 5.223131987046941704e-02
1.008000000000000114e+02 5.714310240149966802e-02
1.019200000000000159e+02 6.312481178397712223e-02
1.030400000000000063e+02 7.055058811824285736e-02
1.041600000000000108e+02 7.998501318167142160e-02
1.052800000000000153e+02 9.231430868266947420e-02
1.064000000000000057e+02 1.089938565606971554e-01
1.075200000000000102e+02 1.325402511093787816e-01
1.086400000000000148e+02 1.675692545690505575e-01
1.097600000000000051e+02 2.231452197079488720e-01
1.108800000000000097e+02 3.186057582451084502e-01
1.120000000000000142e+02 5.000506793837753428e-01
