0.000000000000000000e+00 4.999358105833673904e-01
6.400000000000000133e-01 3.813340806050272147e-01
1.280000000000000027e+00 3.013466423575876241e-01
1.919999999999999929e+00 2.452721148163483356e-01
2.560000000000000053e+00 2.046597136127532857e-01
3.200000000000000178e+00 1.744017314820116848e-01
3.839999999999999858e+00 1.512886663495309203e-01
4.480000000000000426e+00 1.332381171284944543e-01
5.120000000000000107e+00 1.188611850854302265e-01
5.759999999999999787e+00 1.072085296502842122e-01
6.400000000000000355e+00 9.761665800843823126e-02
7.040000000000000036e+00 8.961227212689866495e-02
7.679999999999999716e+00 8.285129376836156134e-02
8.320000000000000284e+00 7.707914935237022980e-02
8.960000000000000853e+00 7.210438818228062652e-02
9.599999999999999645e+00 6.778083495329900732e-02
1.024000000000000021e+01 6.399530757287140437e-02
1.088000000000000078e+01 6.065902760605226124e-02
1.151999999999999957e+01 5.770152099648732935e-02
1.216000000000000014e+01 5.506622425373348950e-02
1.280000000000000071e+01 5.270727582302399405e-02
1.343999999999999950e+01 5.058714260555243619e-02
1.408000000000000007e+01 4.867484281446875227e-02
1.472000000000000064e+01 4.694460003656768243e-02
1.535999999999999943e+01 4.537481284978070462e-02
1.600000000000000000e+01 4.394725800408580407e-02
1.664000000000000057e+01 4.264646835284737619e-02
1.728000000000000114e+01 4.145924287541857822e-02
1.792000000000000171e+01 4.037425751841700050e-02
1.855999999999999872e+01 3.938175369743544818e-02
1.919999999999999929e+01 3.847328714427419860e-02
1.983999999999999986e+01 3.764152403508266159e-02
2.048000000000000043e+01 3.688007445617869778e-02
2.112000000000000099e+01 3.618335557777298261e-02
2.176000000000000156e+01 3.554647863561726656e-02
2.240000000000000213e+01 3.496515512491038535e-02
2.303999999999999915e+01 3.443561860226502375e-02
2.367999999999999972e+01 3.395455925107985357e-02
2.432000000000000028e+01 3.351906895191641977e-02
2.496000000000000085e+01 3.312659505529953058e-02
2.560000000000000142e+01 3.277490141131673973e-02
2.624000000000000199e+01 3.246203549192883814e-02
2.687999999999999901e+01 3.218630066556388974e-02
2.751999999999999957e+01 3.194623286258153200e-02
2.816000000000000014e+01 3.174058101461660342e-02
2.880000000000000071e+01 3.156829076834485881e-02
2.944000000000000128e+01 3.142849107081070736e-02
3.008000000000000185e+01 3.132048330376319134e-02
3.071999999999999886e+01 3.124373271212611131e-02
3.135999999999999943e+01 3.119786192971596775e-02
3.200000000000000000e+01 3.118264645600418369e-02
3.264000000000000057e+01 3.119801198308888926e-02
3.328000000000000114e+01 3.124403351380127675e-02
3.392000000000000171e+01 3.132093625153928307e-02
3.456000000000000227e+01 3.142909828140559581e-02
3.520000000000000284e+01 3.156905510190051445e-02
3.584000000000000341e+01 3.174150610819188867e-02
3.648000000000000398e+01 3.194732317337169170e-02
3.711999999999999744e+01 3.218756152481804661e-02
3.775999999999999801e+01 3.246347317080426620e-02
3.839999999999999858e+01 3.277652320022252097e-02
3.903999999999999915e+01 3.312840935865551950e-02
3.967999999999999972e+01 3.352108540070281723e-02
4.032000000000000028e+01 3.395678883609965643e-02
4.096000000000000085e+01 3.443807383171258729e-02
4.160000000000000142e+01 3.496785021066964316e-02
4.224000000000000199e+01 3.554942971374661087e-02
4.288000000000000256e+01 3.618658096993028483e-02
4.352000000000000313e+01 3.688359498037427353e-02
4.416000000000000369e+01 3.764536337622266526e-02
4.480000000000000426e+01 3.847747229760350995e-02
4.543999999999999773e+01 3.938631550138621540e-02
4.607999999999999829e+01 4.037923129775086717e-02
4.671999999999999886e+01 4.146466922123302756e-02
4.735999999999999943e+01 4.265239407342117511e-02
4.800000000000000000e+01 4.395373729022687692e-02
4.864000000000000057e+01 4.538190871106504570e-02
4.928000000000000114e+01 4.695238608161464433e-02
4.992000000000000171e+01 4.868340547049334471e-02
5.056000000000000227e+01 5.059658390155317986e-02
5.120000000000000284e+01 5.271771689920533299e-02
5.184000000000000341e+01 5.507780980961130002e-02
5.248000000000000398e+01 5.771442495421746227e-02
5.312000000000000455e+01 6.067346034596478310e-02
5.375999999999999801e+01 6.401152519496894344e-02
5.439999999999999858e+01 6.779915112593112858e-02
5.503999999999999915e+01 7.212518923876737320e-02
5.567999999999999972e+01 7.710291334189189882e-02
5.632000000000000028e+01 8.287861405653494662e-02
5.696000000000000085e+01 8.964388566030101479e-02
5.760000000000000142e+01 9.765347707763913365e-02
5.824000000000000199e+01 1.072516730792005130e-01
5.888000000000000256e+01 1.189119986978202648e-01
5.952000000000000313e+01 1.332981613720813363e-01
6.016000000000000369e+01 1.513596267489209224e-01
6.080000000000000426e+01 1.744851698019050379e-01
6.143999999999999773e+01 2.047565240579085066e-01
6.207999999999999829e+01 2.453815141377801434e-01
6.271999999999999886e+01 3.014646900103324922e-01
6.335999999999999943e+01 3.814528855204950553e-01
6.400000000000000000e+01 5.000499473783650561e-01
6.464000000000000057e+01 6.860084037133380441e-01
