0.000000000000000000e+00 4.999636404613269636e-01
8.000000000000000444e-01 9.300727953335292952e-02
1.600000000000000089e+00 2.194312820401279895e-02
2.400000000000000355e+00 6.958344637361352919e-03
3.200000000000000178e+00 3.110661809419318271e-03
4.000000000000000000e+00 1.877531084751677239e-03
4.800000000000000711e+00 1.370882120320836327e-03
5.600000000000000533e+00 1.106362162126727465e-03
6.400000000000000355e+00 9.402627815580541460e-04
7.200000000000000178e+00 8.228094310538633686e-04
8.000000000000000000e+00 7.336455803962604579e-04
8.800000000000000711e+00 6.629610372823451772e-04
9.600000000000001421e+00 6.053100966718731601e-04
1.040000000000000036e+01 5.573273622755550803e-04
1.120000000000000107e+01 5.167697820086462456e-04
1.200000000000000000e+01 4.820618968953601638e-04
1.280000000000000071e+01 4.520549690968538904e-04
1.360000000000000142e+01 4.258875990201774382e-04
1.440000000000000036e+01 4.028994490847665182e-04
1.520000000000000107e+01 3.825750798551200366e-04
1.600000000000000000e+01 3.645059649900374158e-04
1.680000000000000071e+01 3.483640220107548594e-04
1.760000000000000142e+01 3.338827157356731752e-04
1.840000000000000213e+01 3.208432918016931781e-04
1.920000000000000284e+01 3.090645715399843469e-04
2.000000000000000000e+01 2.983952708004078327e-04
2.080000000000000071e+01 2.887081398056869802e-04
2.160000000000000142e+01 2.798954377800453447e-04
2.240000000000000213e+01 2.718653998474363431e-04
2.320000000000000284e+01 2.645394510573858280e-04
2.400000000000000000e+01 2.578499895457225344e-04
2.480000000000000071e+01 2.517386079025059429e-04
2.560000000000000142e+01 2.461546552914462699e-04
2.640000000000000213e+01 2.410540669879697906e-04
2.720000000000000284e+01 2.363984056013516814e-04
2.800000000000000000e+01 2.321540712302296548e-04
2.880000000000000071e+01 2.282916474812044622e-04
2.960000000000000142e+01 2.247853575688037999e-04
3.040000000000000213e+01 2.216126102537986035e-04
3.120000000000000284e+01 2.187536196229911242e-04
3.200000000000000000e+01 2.161910859963919913e-04
3.280000000000000426e+01 2.139099278066705233e-04
3.360000000000000142e+01 2.118970563068180754e-04
3.439999999999999858e+01 2.101411865555272444e-04
3.520000000000000284e+01 2.086326794034551978e-04
3.600000000000000000e+01 2.073634102310149699e-04
3.680000000000000426e+01 2.063266610258213227e-04
3.760000000000000142e+01 2.055170330787298638e-04
3.840000000000000568e+01 2.049303781553239538e-04
3.920000000000000284e+01 2.045637464914647251e-04
4.000000000000000000e+01 2.044153503886689260e-04
4.080000000000000426e+01 2.044845425653825442e-04
4.160000000000000142e+01 2.047718087687983740e-04
4.240000000000000568e+01 2.052787744820430953e-04
4.320000000000000284e+01 2.060082258856774963e-04
4.400000000000000000e+01 2.069641455624986518e-04
4.480000000000000426e+01 2.081517637829333905e-04
4.560000000000000142e+01 2.095776265881890926e-04
4.640000000000000568e+01 2.112496823148744644e-04
4.720000000000000284e+01 2.131773886957554550e-04
4.800000000000000000e+01 2.153718432481836092e-04
4.880000000000000426e+01 2.178459403511953337e-04
4.960000000000000142e+01 2.206145592480485585e-04
5.040000000000000568e+01 2.236947882362457819e-04
5.120000000000000284e+01 2.271061915779556788e-04
5.200000000000000000e+01 2.308711272537132693e-04
5.280000000000000426e+01 2.350151256886797455e-04
5.360000000000000142e+01 2.395673421336486065e-04
5.440000000000000568e+01 2.445610986578082330e-04
5.520000000000000284e+01 2.500345359457949580e-04
5.600000000000000000e+01 2.560314006160338248e-04
5.680000000000000426e+01 2.626020010465259479e-04
5.760000000000000142e+01 2.698043743478671652e-04
5.840000000000000568e+01 2.777057200697083394e-04
5.920000000000000284e+01 2.863841737718645069e-04
6.000000000000000000e+01 2.959310176370912059e-04
6.080000000000000426e+01 3.064534586609341449e-04
6.160000000000000142e+01 3.180781518480129636e-04
6.240000000000000568e+01 3.309557127292960107e-04
6.320000000000000284e+01 3.452665604585661643e-04
6.400000000000000000e+01 3.612285758084552833e-04
6.479999999999999716e+01 3.791072738751223971e-04
6.560000000000000853e+01 3.992295236878711938e-04
6.640000000000000568e+01 4.220023742943525540e-04
6.720000000000000284e+01 4.479394128690569851e-04
6.800000000000000000e+01 4.776985643525499684e-04
6.879999999999999716e+01 5.121379248840087547e-04
6.960000000000000853e+01 5.524014046804192734e-04
7.040000000000000568e+01 6.000568026268071013e-04
7.120000000000000284e+01 6.573337769203315252e-04
7.200000000000000000e+01 7.275717474110113270e-04
7.279999999999999716e+01 8.161608313503418855e-04
7.360000000000000853e+01 9.327818631029995925e-04
7.440000000000000568e+01 1.097469719802046965e-03
7.520000000000000284e+01 1.359157218608821743e-03
7.600000000000000000e+01 1.859258272217038325e-03
7.680000000000001137e+01 3.075645985523143677e-03
7.760000000000000853e+01 6.877526771335212841e-03
7.840000000000000568e+01 2.173216059322855345e-02
7.920000000000000284e+01 9.244078772276285993e-02
8.000000000000000000e+01 4.988661923093790640e-01
8.080000000000001137e+01 4.080540950016777302e+00
