0.000000000000000000e+00 4.984606027645562820e-01
1.280000000000000027e+00 1.705238799072421596e-01
2.560000000000000053e+00 1.036647129502969306e-01
3.839999999999999858e+00 8.132904000272857259e-02
5.120000000000000107e+00 6.990251112585883775e-02
6.400000000000000355e+00 6.227442945967111981e-02
7.679999999999999716e+00 5.645910425548021638e-02
8.960000000000000853e+00 5.173361668712959938e-02
1.024000000000000021e+01 4.776346672785258818e-02
1.151999999999999957e+01 4.436150450170129461e-02
1.280000000000000071e+01 4.140809576560181005e-02
1.408000000000000007e+01 3.881972891523086111e-02
1.535999999999999943e+01 3.653462658359458992e-02
1.664000000000000057e+01 3.450525310185547506e-02
1.792000000000000171e+01 3.269399836969058559e-02
1.919999999999999929e+01 3.107048972994699496e-02
2.048000000000000043e+01 2.960981373722710794e-02
2.176000000000000156e+01 2.829128312546028146e-02
2.303999999999999915e+01 2.709754936976347187e-02
2.432000000000000028e+01 2.601394464612997656e-02
2.560000000000000142e+01 2.502798198027546620e-02
2.687999999999999901e+01 2.412896800920517892e-02
2.816000000000000014e+01 2.330769808005591845e-02
2.944000000000000128e+01 2.255621291988408120e-02
3.071999999999999886e+01 2.186760223175539253e-02
3.200000000000000000e+01 2.123584463809860892e-02
3.328000000000000114e+01 2.065567616805176129e-02
3.456000000000000227e+01 2.012248142781802168e-02
3.584000000000000341e+01 1.963220298215539311e-02
3.711999999999999744e+01 1.918126548808133519e-02
3.839999999999999858e+01 1.876651187338276849e-02
3.967999999999999972e+01 1.838514941866123756e-02
4.096000000000000085e+01 1.803470403397216398e-02
4.224000000000000199e+01 1.771298135527736226e-02
4.352000000000000313e+01 1.741803354701265683e-02
4.480000000000000426e+01 1.714813090303899876e-02
4.607999999999999829e+01 1.690173750215400242e-02
4.735999999999999943e+01 1.667749030581724273e-02
4.864000000000000057e+01 1.647418119197742101e-02
4.992000000000000171e+01 1.629074150531644241e-02
5.120000000000000284e+01 1.612622877499692714e-02
5.248000000000000398e+01 1.597981530932122973e-02
5.375999999999999801e+01 1.585077842508035573e-02
5.503999999999999915e+01 1.573849210975509366e-02
5.632000000000000028e+01 1.564241994868982577e-02
5.760000000000000142e+01 1.556210917814114351e-02
5.888000000000000256e+01 1.549718574971927290e-02
6.016000000000000369e+01 1.544735031301682805e-02
6.143999999999999773e+01 1.541237504184047105e-02
6.271999999999999886e+01 1.539210124600001728e-02
6.400000000000000000e+01 1.538643772555787353e-02
6.528000000000000114e+01 1.539535983822668853e-02
6.656000000000000227e+01 1.541890926360894344e-02
6.784000000000000341e+01 1.545719446055218889e-02
6.912000000000000455e+01 1.551039182638670223e-02
7.040000000000000568e+01 1.557874757955269099e-02
7.168000000000000682e+01 1.566258040045674649e-02
7.296000000000000796e+01 1.576228487968847972e-02
7.423999999999999488e+01 1.587833583838182960e-02
7.551999999999999602e+01 1.601129360297710857e-02
7.679999999999999716e+01 1.616181033645729126e-02
7.807999999999999829e+01 1.633063755091744909e-02
7.935999999999999943e+01 1.651863495282410513e-02
8.064000000000000057e+01 1.672678080343547452e-02
8.192000000000000171e+01 1.695618401369055131e-02
8.320000000000000284e+01 1.720809823680548994e-02
8.448000000000000398e+01 1.748393827454900254e-02
8.576000000000000512e+01 1.778529917685684608e-02
8.704000000000000625e+01 1.811397849181873090e-02
8.832000000000000739e+01 1.847200221762351768e-02
8.960000000000000853e+01 1.886165512429061053e-02
9.087999999999999545e+01 1.928551625682713502e-02
9.215999999999999659e+01 1.974650061057580189e-02
9.343999999999999773e+01 2.024790819427349162e-02
9.471999999999999886e+01 2.079348198063878800e-02
9.600000000000000000e+01 2.138747660717402188e-02
9.728000000000000114e+01 2.203474015771066108e-02
9.856000000000000227e+01 2.274081196531487631e-02
9.984000000000000341e+01 2.351204018305752541e-02
1.011200000000000045e+02 2.435572394934714877e-02
1.024000000000000057e+02 2.528028644663780911e-02
1.036800000000000068e+02 2.629548719678784577e-02
1.049600000000000080e+02 2.741268483724067229e-02
1.062400000000000091e+02 2.864516583969695801e-02
1.075199999999999960e+02 3.000856093617546017e-02
1.087999999999999972e+02 3.152138073732839441e-02
1.100799999999999983e+02 3.320571755991906515e-02
1.113599999999999994e+02 3.508818633238527940e-02
1.126400000000000006e+02 3.720122255532155864e-02
1.139200000000000017e+02 3.958493848516993208e-02
1.152000000000000028e+02 4.228990260438534460e-02
1.164800000000000040e+02 4.538155689723755160e-02
1.177600000000000051e+02 4.894780487391361956e-02
1.190400000000000063e+02 5.311343920213931757e-02
1.203200000000000074e+02 5.807136158250619795e-02
1.216000000000000085e+02 6.416155179737054182e-02
1.228799999999999955e+02 7.210908295010984292e-02
1.241599999999999966e+02 8.388851383777855275e-02
1.254399999999999977e+02 1.065546722602658397e-01
1.267199999999999989e+02 1.735358143876266357e-01
1.280000000000000000e+02 5.011869303211191617e-01
