0.000000000000000000e+00 4.999675733782968923e-01
4.799999999999999822e-01 1.777974341186204232e-01
9.599999999999999645e-01 6.844749673321295913e-02
1.439999999999999947e+00 2.874451225977529487e-02
1.919999999999999929e+00 1.333462900871061098e-02
2.399999999999999911e+00 6.933703625333853537e-03
2.879999999999999893e+00 4.079854869256273678e-03
3.359999999999999876e+00 2.707124870332095010e-03
3.839999999999999858e+00 1.990123692905525384e-03
4.320000000000000284e+00 1.581321130011944251e-03
4.799999999999999822e+00 1.326762920234095516e-03
5.279999999999999361e+00 1.154731383565030635e-03
5.759999999999999787e+00 1.030062184612972036e-03
6.240000000000000213e+00 9.345670288960991352e-04
6.719999999999999751e+00 8.582938535991023075e-04
7.199999999999999289e+00 7.954695954803669847e-04
7.679999999999999716e+00 7.425430614653280754e-04
8.160000000000000142e+00 6.972035804099530358e-04
8.640000000000000568e+00 6.578688703044296895e-04
9.119999999999999218e+00 6.234063904434577986e-04
9.599999999999999645e+00 5.929750119215848473e-04
1.008000000000000007e+01 5.659309810688116634e-04
1.055999999999999872e+01 5.417695618542921459e-04
1.103999999999999915e+01 5.200872664334743730e-04
1.151999999999999957e+01 5.005564449087087069e-04
1.200000000000000000e+01 4.829075889857361355e-04
1.248000000000000043e+01 4.669166324332569141e-04
1.295999999999999908e+01 4.523956014298034420e-04
1.343999999999999950e+01 4.391855811429201673e-04
1.391999999999999993e+01 4.271513279314106135e-04
1.439999999999999858e+01 4.161770785585596649e-04
1.487999999999999901e+01 4.061632478949765940e-04
1.535999999999999943e+01 3.970237976719310407e-04
1.583999999999999986e+01 3.886841197234872352e-04
1.632000000000000028e+01 3.810793188777364870e-04
1.680000000000000071e+01 3.741528098990025636e-04
1.728000000000000114e+01 3.678551637876537896e-04
1.775999999999999801e+01 3.621431539523556841e-04
1.823999999999999844e+01 3.569789640055842173e-04
1.871999999999999886e+01 3.523295273491244047e-04
1.919999999999999929e+01 3.481659750981821013e-04
1.967999999999999972e+01 3.444631737871630306e-04
2.016000000000000014e+01 3.411993380936849765e-04
2.064000000000000057e+01 3.383557067876441808e-04
2.111999999999999744e+01 3.359162724614493580e-04
2.159999999999999787e+01 3.338675574752518948e-04
2.207999999999999829e+01 3.321984300688413452e-04
2.255999999999999872e+01 3.308999558345124552e-04
2.303999999999999915e+01 3.299652807777087981e-04
2.351999999999999957e+01 3.293895430654197008e-04
2.400000000000000000e+01 3.291698113166368982e-04
2.448000000000000043e+01 3.293050479577014551e-04
2.496000000000000085e+01 3.297960967759258535e-04
2.543999999999999773e+01 3.306456943818640907e-04
2.591999999999999815e+01 3.318585058564702981e-04
2.639999999999999858e+01 3.334411854359266725e-04
2.687999999999999901e+01 3.354024636965630243e-04
2.735999999999999943e+01 3.377532633693660735e-04
2.783999999999999986e+01 3.405068466658354998e-04
2.832000000000000028e+01 3.436789978672871574e-04
2.879999999999999716e+01 3.472882459584065952e-04
2.927999999999999758e+01 3.513561333234516051e-04
2.975999999999999801e+01 3.559075380346532133e-04
3.023999999999999844e+01 3.609710591311540446e-04
3.071999999999999886e+01 3.665794766241201237e-04
3.119999999999999929e+01 3.727703009176203813e-04
3.167999999999999972e+01 3.795864301059217517e-04
3.215999999999999659e+01 3.870769384708816051e-04
3.264000000000000057e+01 3.952980258403249788e-04
3.311999999999999744e+01 4.043141658193974029e-04
3.360000000000000142e+01 4.141995020469991032e-04
3.407999999999999829e+01 4.250395566927967807e-04
3.456000000000000227e+01 4.369333360917378541e-04
3.503999999999999915e+01 4.499959473028594366e-04
3.551999999999999602e+01 4.643618805361280017e-04
3.600000000000000000e+01 4.801891723432177199e-04
3.647999999999999687e+01 4.976647540083186565e-04
3.696000000000000085e+01 5.170114270539930262e-04
3.743999999999999773e+01 5.384971252854713194e-04
3.792000000000000171e+01 5.624474780262880315e-04
3.839999999999999858e+01 5.892632886878083854e-04
3.887999999999999545e+01 6.194455884726078176e-04
3.935999999999999943e+01 6.536328091598605540e-04
3.983999999999999631e+01 6.926581226017996650e-04
4.032000000000000028e+01 7.376417102982260870e-04
4.079999999999999716e+01 7.901459801638056066e-04
4.128000000000000114e+01 8.524486584479342051e-04
4.175999999999999801e+01 9.280448881125127241e-04
4.223999999999999488e+01 1.022610255486820253e-03
4.271999999999999886e+01 1.145924115642720648e-03
4.319999999999999574e+01 1.315863802289642722e-03
4.367999999999999972e+01 1.567025677328196236e-03
4.415999999999999659e+01 1.970076151499462573e-03
4.464000000000000057e+01 2.676999112096345446e-03
4.511999999999999744e+01 4.031589379402041387e-03
4.560000000000000142e+01 6.852098660627933477e-03
4.607999999999999829e+01 1.319087524624472894e-02
4.655999999999999517e+01 2.848467154832592940e-02
4.703999999999999915e+01 6.797678445758592591e-02
4.751999999999999602e+01 1.769870756638417808e-01
4.800000000000000000e+01 4.988665376723252498e-01
4.847999999999999687e+01 1.533124571189215635e+00
4.896000000000000085e+01 1.097606798279421625e+01
