0.000000000000000000e+00 5.000089873515207728e-01
3.200000000000000067e-01 2.908786629397867585e-01
6.400000000000000133e-01 1.742715548768420109e-01
9.599999999999999645e-01 1.074533341511905021e-01
1.280000000000000027e+00 6.814161702236966323e-02
1.600000000000000089e+00 4.441243295671112867e-02
1.919999999999999929e+00 2.972952670811868786e-02
2.240000000000000213e+00 2.042539056427895849e-02
2.560000000000000053e+00 1.439448351850606232e-02
2.879999999999999893e+00 1.040049463486227704e-02
3.200000000000000178e+00 7.701377236929578089e-03
3.520000000000000018e+00 5.842176338626011919e-03
3.839999999999999858e+00 4.538210247698105070e-03
4.160000000000000142e+00 3.607858799137797848e-03
4.480000000000000426e+00 2.933116811579608574e-03
4.799999999999999822e+00 2.435988433837707121e-03
5.120000000000000107e+00 2.064092039170921725e-03
5.440000000000000391e+00 1.781721139409284246e-03
5.759999999999999787e+00 1.564196459070503736e-03
6.080000000000000071e+00 1.394238448204587278e-03
6.400000000000000355e+00 1.259601210920079529e-03
6.719999999999999751e+00 1.151506712943954147e-03
7.040000000000000036e+00 1.063594485573254519e-03
7.360000000000000320e+00 9.912081739733428262e-04
7.679999999999999716e+00 9.309051704469876792e-04
8.000000000000000000e+00 8.801158628827889831e-04
8.320000000000000284e+00 8.369044117790607959e-04
8.640000000000000568e+00 7.997991855016121357e-04
8.960000000000000853e+00 7.676714810648251714e-04
9.279999999999999361e+00 7.396480387028359429e-04
9.599999999999999645e+00 7.150474221641179131e-04
9.919999999999999929e+00 6.933333970672896085e-04
1.024000000000000021e+01 6.740805133978761566e-04
1.056000000000000050e+01 6.569485171773985352e-04
1.088000000000000078e+01 6.416631961909947642e-04
1.119999999999999929e+01 6.280019471566201635e-04
1.151999999999999957e+01 6.157828309751573305e-04
1.183999999999999986e+01 6.048562218316119688e-04
1.216000000000000014e+01 5.950983976441663603e-04
1.248000000000000043e+01 5.864065928530369899e-04
1.280000000000000071e+01 5.786951598926340194e-04
1.311999999999999922e+01 5.718925768402805714e-04
1.343999999999999950e+01 5.659391054319927840e-04
1.375999999999999979e+01 5.607849527474570352e-04
1.408000000000000007e+01 5.563888262629807782e-04
1.440000000000000036e+01 5.527167991315652543e-04
1.472000000000000064e+01 5.497414229755757551e-04
1.503999999999999915e+01 5.474410409834161700e-04
1.535999999999999943e+01 5.457992660133141561e-04
1.567999999999999972e+01 5.448045977052901794e-04
1.600000000000000000e+01 5.444501600225501491e-04
1.632000000000000028e+01 5.447335467503649706e-04
1.664000000000000057e+01 5.456567677210789240e-04
1.696000000000000085e+01 5.472262932791974177e-04
1.728000000000000114e+01 5.494531990786477582e-04
1.760000000000000142e+01 5.523534180291580576e-04
1.792000000000000171e+01 5.559481114071581406e-04
1.823999999999999844e+01 5.602641771871804972e-04
1.855999999999999872e+01 5.653349209755857436e-04
1.887999999999999901e+01 5.712009240984080444e-04
1.919999999999999929e+01 5.779111551374143795e-04
1.951999999999999957e+01 5.855243864932936681e-04
1.983999999999999986e+01 5.941109976947460619e-04
2.016000000000000014e+01 6.037552739628559637e-04
2.048000000000000043e+01 6.145583444602091289e-04
2.080000000000000071e+01 6.266419531516587756e-04
2.112000000000000099e+01 6.401533211085981209e-04
2.144000000000000128e+01 6.552714492146863041e-04
2.176000000000000156e+01 6.722153342571578552e-04
2.207999999999999829e+01 6.912547431626890268e-04
2.239999999999999858e+01 7.127244296239578034e-04
2.271999999999999886e+01 7.370430135691519299e-04
2.303999999999999915e+01 7.647382193492017208e-04
2.335999999999999943e+01 7.964808459684172975e-04
2.367999999999999972e+01 8.331308158671793312e-04
2.400000000000000000e+01 8.758000588500587614e-04
2.432000000000000028e+01 9.259390496430483248e-04
2.464000000000000057e+01 9.854568620259978977e-04
2.496000000000000085e+01 1.056889144556511602e-03
2.528000000000000114e+01 1.143635274394996793e-03
2.560000000000000142e+01 1.250296402778590344e-03
2.592000000000000171e+01 1.383162265564620705e-03
2.623999999999999844e+01 1.550919936397046920e-03
2.655999999999999872e+01 1.765697877811652459e-03
2.687999999999999901e+01 2.044623378853458340e-03
2.719999999999999929e+01 2.412177369885611013e-03
2.751999999999999957e+01 2.903806631459845879e-03
2.783999999999999986e+01 3.571550833495743069e-03
2.816000000000000014e+01 4.492952888024046368e-03
2.848000000000000043e+01 5.785414373556046347e-03
2.880000000000000071e+01 7.629746438403233605e-03
2.912000000000000099e+01 1.030954157029708058e-02
2.944000000000000128e+01 1.427828609651445903e-02
2.976000000000000156e+01 2.027605541313035054e-02
3.007999999999999829e+01 2.953655839021105886e-02
3.039999999999999858e+01 4.416204283152130872e-02
3.071999999999999886e+01 6.781625837888566322e-02
3.103999999999999915e+01 1.070323491799303334e-01
3.135999999999999943e+01 1.737353908745061792e-01
3.167999999999999972e+01 2.902231723631754079e-01
