0.000000000000000000e+00 4.999654428931883388e-01
6.400000000000000133e-01 1.280246590255534889e-01
1.280000000000000027e+00 3.793156951092099133e-02
1.919999999999999929e+00 1.333080709921047498e-02
2.560000000000000053e+00 5.748605066977520266e-03
3.200000000000000178e+00 3.091137797743038606e-03
3.839999999999999858e+00 2.017044259839230816e-03
4.480000000000000426e+00 1.509242759848201118e-03
5.120000000000000107e+00 1.228199222382410360e-03
5.759999999999999787e+00 1.049776914454928108e-03
6.400000000000000355e+00 9.241120599296589371e-04
7.040000000000000036e+00 8.290580627945637413e-04
7.679999999999999716e+00 7.536826083101314184e-04
8.320000000000000284e+00 6.919957547000217058e-04
8.960000000000000853e+00 6.403911791995342551e-04
9.599999999999999645e+00 5.965214249501119134e-04
1.024000000000000021e+01 5.587630708803780540e-04
1.088000000000000078e+01 5.259412169662567400e-04
1.151999999999999957e+01 4.971761930720039122e-04
1.216000000000000014e+01 4.717921450256492167e-04
1.280000000000000071e+01 4.492592130079971213e-04
1.343999999999999950e+01 4.291551607471374638e-04
1.408000000000000007e+01 4.111389200378405833e-04
1.472000000000000064e+01 3.949317876689840772e-04
1.535999999999999943e+01 3.803037307190857384e-04
1.600000000000000000e+01 3.670632106458562730e-04
1.664000000000000057e+01 3.550494940912336068e-04
1.728000000000000114e+01 3.441267586919128339e-04
1.792000000000000171e+01 3.341795179807736569e-04
1.855999999999999872e+01 3.251090306860925224e-04
1.919999999999999929e+01 3.168304546416356865e-04
1.983999999999999986e+01 3.092705707461190388e-04
2.048000000000000043e+01 3.023659481027988756e-04
2.112000000000000099e+01 2.960614540135134403e-04
2.176000000000000156e+01 2.903090360205268271e-04
2.240000000000000213e+01 2.850667204093816154e-04
2.303999999999999915e+01 2.802977843432707147e-04
2.367999999999999972e+01 2.759700683532850568e-04
2.432000000000000028e+01 2.720554031356928475e-04
2.496000000000000085e+01 2.685291301255274764e-04
2.560000000000000142e+01 2.653696995669529231e-04
2.624000000000000199e+01 2.625583331043321788e-04
2.687999999999999901e+01 2.600787405067482723e-04
2.751999999999999957e+01 2.579168821848705799e-04
2.816000000000000014e+01 2.560607707906291429e-04
2.880000000000000071e+01 2.545003065035168549e-04
2.944000000000000128e+01 2.532271416757037410e-04
3.008000000000000185e+01 2.522345713877515100e-04
3.071999999999999886e+01 2.515174472013066232e-04
3.135999999999999943e+01 2.510721120192227528e-04
3.200000000000000000e+01 2.508963545048633627e-04
3.264000000000000057e+01 2.509893819936864301e-04
3.328000000000000114e+01 2.513518112709783197e-04
3.392000000000000171e+01 2.519856770068461260e-04
3.456000000000000227e+01 2.528944580490519569e-04
3.520000000000000284e+01 2.540831221912990710e-04
3.584000000000000341e+01 2.555581904749062690e-04
3.648000000000000398e+01 2.573278225624655810e-04
3.711999999999999744e+01 2.594019252624091493e-04
3.775999999999999801e+01 2.617922869061676096e-04
3.839999999999999858e+01 2.645127410124684044e-04
3.903999999999999915e+01 2.675793635506902514e-04
3.967999999999999972e+01 2.710107091806551413e-04
4.032000000000000028e+01 2.748280931558591848e-04
4.096000000000000085e+01 2.790559272038569912e-04
4.160000000000000142e+01 2.837221197373347714e-04
4.224000000000000199e+01 2.888585533299083325e-04
4.288000000000000256e+01 2.945016556831163814e-04
4.352000000000000313e+01 3.006930845474891159e-04
4.416000000000000369e+01 3.074805525586569825e-04
4.480000000000000426e+01 3.149188251487220510e-04
4.543999999999999773e+01 3.230709342085536233e-04
4.607999999999999829e+01 3.320096628794696027e-04
4.671999999999999886e+01 3.418193739938224984e-04
4.735999999999999943e+01 3.525982780865713224e-04
4.800000000000000000e+01 3.644612692670097910e-04
4.864000000000000057e+01 3.775435026571442474e-04
4.928000000000000114e+01 3.920049518864796825e-04
4.992000000000000171e+01 4.080362793035125770e-04
5.056000000000000227e+01 4.258664915161989488e-04
5.120000000000000284e+01 4.457730663952654817e-04
5.184000000000000341e+01 4.680955738181227614e-04
5.248000000000000398e+01 4.932543618002799930e-04
5.312000000000000455e+01 5.217768179915217939e-04
5.375999999999999801e+01 5.543354024381808541e-04
5.439999999999999858e+01 5.918048511083653452e-04
5.503999999999999915e+01 6.353524082735994422e-04
5.567999999999999972e+01 6.865887682728935657e-04
5.632000000000000028e+01 7.478387584134559701e-04
5.696000000000000085e+01 8.226659455114604521e-04
5.760000000000000142e+01 9.169752324885556373e-04
5.824000000000000199e+01 1.041522588956535472e-03
5.888000000000000256e+01 1.218076429290391007e-03
5.952000000000000313e+01 1.495666713766052869e-03
6.016000000000000369e+01 1.996546936045965216e-03
6.080000000000000426e+01 3.055902735336894771e-03
6.143999999999999773e+01 5.680579533595585089e-03
6.207999999999999829e+01 1.318765182515391730e-02
6.271999999999999886e+01 3.761559605971003667e-02
6.335999999999999943e+01 1.273423068657866808e-01
6.400000000000000000e+01 4.988662372002967138e-01
6.464000000000000057e+01 2.341818367704556536e+00
