0.000000000000000000e+00 4.999635288667946265e-01
9.599999999999999645e-01 3.374521420248652315e-01
1.919999999999999929e+00 2.449729480355490041e-01
2.879999999999999893e+00 1.880579962375591163e-01
3.839999999999999858e+00 1.507543957275724600e-01
4.799999999999999822e+00 1.249925940665698593e-01
5.759999999999999787e+00 1.064056345471623699e-01
6.719999999999999751e+00 9.249498767348098005e-02
7.679999999999999716e+00 8.176059242949436368e-02
8.640000000000000568e+00 7.326261322824370592e-02
9.599999999999999645e+00 6.638938468740264442e-02
1.056000000000000050e+01 6.072907981004370404e-02
1.151999999999999957e+01 5.599591634687105940e-02
1.248000000000000043e+01 5.198618752772644902e-02
1.343999999999999950e+01 4.855119501593483516e-02
1.440000000000000036e+01 4.558008081624796010e-02
1.535999999999999943e+01 4.298863555843684264e-02
1.632000000000000028e+01 4.071181790120706467e-02
1.728000000000000114e+01 3.869863910371784677e-02
1.823999999999999844e+01 3.690859152978506058e-02
1.919999999999999929e+01 3.530910747879350414e-02
2.016000000000000014e+01 3.387371967800287959e-02
2.112000000000000099e+01 3.258070859756377613e-02
2.207999999999999829e+01 3.141209336252565043e-02
2.303999999999999915e+01 3.035286902304852943e-02
2.400000000000000000e+01 2.939042304378882212e-02
2.496000000000000085e+01 2.851408392755818907e-02
2.592000000000000171e+01 2.771476847214783892e-02
2.687999999999999901e+01 2.698470350289100539e-02
2.783999999999999986e+01 2.631720444336948031e-02
2.880000000000000071e+01 2.570649769725600817e-02
2.976000000000000156e+01 2.514757711564076167e-02
3.071999999999999886e+01 2.463608721582520242e-02
3.167999999999999972e+01 2.416822756920743512e-02
3.264000000000000057e+01 2.374067407203189761e-02
3.360000000000000142e+01 2.335051378119914686e-02
3.456000000000000227e+01 2.299519072753675869e-02
3.552000000000000313e+01 2.267246067431573364e-02
3.647999999999999687e+01 2.238035321472514952e-02
3.743999999999999773e+01 2.211713993127723682e-02
3.839999999999999858e+01 2.188130759662147012e-02
3.935999999999999943e+01 2.167153559660174242e-02
4.032000000000000028e+01 2.148667691566349264e-02
4.128000000000000114e+01 2.132574215169182399e-02
4.224000000000000199e+01 2.118788612942408209e-02
4.320000000000000284e+01 2.107239676435755313e-02
4.415999999999999659e+01 2.097868589688772420e-02
4.511999999999999744e+01 2.090628187262211571e-02
4.607999999999999829e+01 2.085482369205475875e-02
4.703999999999999915e+01 2.082405659315709687e-02
4.800000000000000000e+01 2.081382896564551097e-02
4.896000000000000085e+01 2.082409052713687925e-02
4.992000000000000171e+01 2.085489172030876442e-02
5.088000000000000256e+01 2.090638431761110069e-02
5.184000000000000341e+01 2.097882324702363133e-02
5.279999999999999716e+01 2.107256967978492906e-02
5.375999999999999801e+01 2.118809544992722796e-02
5.471999999999999886e+01 2.132598890690703269e-02
5.567999999999999972e+01 2.148696233783250337e-02
5.664000000000000057e+01 2.167186113616836884e-02
5.760000000000000142e+01 2.188167494105081046e-02
5.856000000000000227e+01 2.211755102756952918e-02
5.952000000000000313e+01 2.238081029620870438e-02
6.047999999999999687e+01 2.267296629244083123e-02
6.143999999999999773e+01 2.299574778956245749e-02
6.239999999999999858e+01 2.335112559487695361e-02
6.335999999999999943e+01 2.374134439865649426e-02
6.431999999999999318e+01 2.416896068674214901e-02
6.528000000000000114e+01 2.463688799424003373e-02
6.623999999999999488e+01 2.514845110715395460e-02
6.720000000000000284e+01 2.570745124488642286e-02
6.815999999999999659e+01 2.631824481214198319e-02
6.912000000000000455e+01 2.698583903926761798e-02
7.007999999999999829e+01 2.771600879889040206e-02
7.104000000000000625e+01 2.851544018341499453e-02
7.200000000000000000e+01 2.939190818035321978e-02
7.295999999999999375e+01 3.035449817517103799e-02
7.392000000000000171e+01 3.141388431422283828e-02
7.487999999999999545e+01 3.258268237311785082e-02
7.584000000000000341e+01 3.387590129886774992e-02
7.679999999999999716e+01 3.531152694249029694e-02
7.776000000000000512e+01 3.691128508941764197e-02
7.871999999999999886e+01 3.870165095948661926e-02
7.968000000000000682e+01 4.071520246361318845e-02
8.064000000000000057e+01 4.299246051489167414e-02
8.159999999999999432e+01 4.558443134109679828e-02
8.256000000000000227e+01 4.855617962764992995e-02
8.351999999999999602e+01 5.199194634470269416e-02
8.448000000000000398e+01 5.600263286465574641e-02
8.543999999999999773e+01 6.073699786589527999e-02
8.640000000000000568e+01 6.639883302668350695e-02
8.735999999999999943e+01 7.327404097965564689e-02
8.831999999999999318e+01 8.177461942434134656e-02
8.928000000000000114e+01 9.251247244135188397e-02
9.023999999999999488e+01 1.064277555578766188e-01
9.120000000000000284e+01 1.250209142176365029e-01
9.215999999999999659e+01 1.507908059212487162e-01
9.312000000000000455e+01 1.881042485692306365e-01
9.407999999999999829e+01 2.450291407038146518e-01
9.504000000000000625e+01 3.375135854497077759e-01
