0.000000000000000000e+00 4.999351769881567042e-01
1.000000000000000000e+00 3.325823388102346345e-01
2.000000000000000000e+00 2.391916798972275049e-01
3.000000000000000000e+00 1.825286653272698012e-01
4.000000000000000000e+00 1.457738777285869369e-01
5.000000000000000000e+00 1.205787438814646811e-01
6.000000000000000000e+00 1.024949649244683292e-01
7.000000000000000000e+00 8.900964545407595574e-02
8.000000000000000000e+00 7.862942359470556641e-02
9.000000000000000000e+00 7.042612968319053590e-02
1.000000000000000000e+01 6.379941065440332404e-02
1.100000000000000000e+01 5.834695171183781198e-02
1.200000000000000000e+01 5.379056230060629690e-02
1.300000000000000000e+01 4.993247941804757756e-02
1.400000000000000000e+01 4.662863811054212410e-02
1.500000000000000000e+01 4.377180286454749464e-02
1.600000000000000000e+01 4.128061503422744000e-02
1.700000000000000000e+01 3.909229522622595376e-02
1.800000000000000000e+01 3.715766550523302847e-02
1.900000000000000000e+01 3.543768093671326169e-02
2.000000000000000000e+01 3.390096569445076591e-02
2.100000000000000000e+01 3.252203181590138104e-02
2.200000000000000000e+01 3.127997075995190418e-02
2.300000000000000000e+01 3.015747818703944788e-02
2.400000000000000000e+01 2.914011737465915103e-02
2.500000000000000000e+01 2.821575606117602761e-02
2.600000000000000000e+01 2.737413104703825817e-02
2.700000000000000000e+01 2.660650809376463935e-02
2.800000000000000000e+01 2.590541373597151850e-02
2.900000000000000000e+01 2.526442194655607876e-02
3.000000000000000000e+01 2.467798306336337066e-02
3.100000000000000000e+01 2.414128558230551821e-02
3.200000000000000000e+01 2.365014373593329541e-02
3.300000000000000000e+01 2.320090547014997187e-02
3.400000000000000000e+01 2.279037668429792843e-02
3.500000000000000000e+01 2.241575853520970732e-02
3.600000000000000000e+01 2.207459531076938833e-02
3.700000000000000000e+01 2.176473091448833178e-02
3.800000000000000000e+01 2.148427241347983935e-02
3.900000000000000000e+01 2.123155941973770694e-02
4.000000000000000000e+01 2.100513832191085867e-02
4.100000000000000000e+01 2.080374057883080038e-02
4.200000000000000000e+01 2.062626443951548483e-02
4.300000000000000000e+01 2.047175957669043408e-02
4.400000000000000000e+01 2.033941421916555040e-02
4.500000000000000000e+01 2.022854444811424818e-02
4.600000000000000000e+01 2.013858538758928410e-02
4.700000000000000000e+01 2.006908407371587114e-02
4.800000000000000000e+01 2.001969383246702053e-02
4.900000000000000000e+01 1.999017003477444876e-02
5.000000000000000000e+01 1.998036713160026775e-02
5.100000000000000000e+01 1.999023690185295493e-02
5.200000000000000000e+01 2.001982787383764506e-02
5.300000000000000000e+01 2.006928590731743220e-02
5.400000000000000000e+01 2.013885594918502983e-02
5.500000000000000000e+01 2.022888500213322616e-02
5.600000000000000000e+01 2.033982637352499401e-02
5.700000000000000000e+01 2.047224530193048758e-02
5.800000000000000000e+01 2.062682609268264716e-02
5.900000000000000000e+01 2.080438093266742672e-02
6.000000000000000000e+01 2.100586060005093375e-02
6.100000000000000000e+01 2.123236733877922888e-02
6.200000000000000000e+01 2.148517023301090706e-02
6.300000000000000000e+01 2.176572349639601875e-02
6.400000000000000000e+01 2.207568818947261424e-02
6.500000000000000000e+01 2.241695800084546678e-02
6.600000000000000000e+01 2.279168988137794671e-02
6.700000000000000000e+01 2.320234051482204449e-02
6.800000000000000000e+01 2.365170985576790438e-02
6.900000000000000000e+01 2.414299328353897850e-02
7.000000000000000000e+01 2.467984433183638415e-02
7.100000000000000000e+01 2.526645049029319773e-02
7.200000000000000000e+01 2.590762527959141956e-02
7.300000000000000000e+01 2.660892073788983028e-02
7.400000000000000000e+01 2.737676570986048719e-02
7.500000000000000000e+01 2.821863702472375557e-02
7.600000000000000000e+01 2.914327296567247733e-02
7.700000000000000000e+01 3.016094163251026999e-02
7.800000000000000000e+01 3.128378127154995969e-02
7.900000000000000000e+01 3.252623597749326051e-02
8.000000000000000000e+01 3.390561925546582700e-02
8.100000000000000000e+01 3.544285115539459047e-02
8.200000000000000000e+01 3.716343424627647357e-02
8.300000000000000000e+01 3.909876310699400559e-02
8.400000000000000000e+01 4.128790704837125014e-02
8.500000000000000000e+01 4.378007611625786555e-02
8.600000000000000000e+01 4.663809260562667980e-02
8.700000000000000000e+01 4.994337333956366809e-02
8.800000000000000000e+01 5.380323393594491077e-02
8.900000000000000000e+01 5.836185131593758096e-02
9.000000000000000000e+01 6.381714715841330099e-02
9.100000000000000000e+01 7.044753930256633656e-02
9.200000000000000000e+01 7.865566952715682958e-02
9.300000000000000000e+01 8.904235760603715355e-02
9.400000000000000000e+01 1.025364179839050593e-01
9.500000000000000000e+01 1.206320274336101228e-01
9.600000000000000000e+01 1.458428700205895157e-01
9.700000000000000000e+01 1.826172370993854599e-01
9.800000000000000000e+01 2.393007411104476900e-01
9.900000000000000000e+01 3.327030732997647289e-01
1.000000000000000000e+02 5.000505810206126167e-01
