0.000000000000000000e+00 4.999636252192819486e-01
8.000000000000000444e-01 3.583254426242654112e-01
1.600000000000000089e+00 2.707647198067400507e-01
2.399999999999999911e+00 2.134427824903552817e-01
3.200000000000000178e+00 1.741048429643322903e-01
4.000000000000000000e+00 1.460050623960978955e-01
4.799999999999999822e+00 1.252290569305165024e-01
5.599999999999999645e+00 1.094045428533300390e-01
6.400000000000000355e+00 9.703877995187311367e-02
7.200000000000000178e+00 8.716054151885202494e-02
8.000000000000000000e+00 7.911853424578980942e-02
8.800000000000000711e+00 7.246384573228889514e-02
9.599999999999999645e+00 6.687922362953856170e-02
1.040000000000000036e+01 6.213530729539548658e-02
1.119999999999999929e+01 5.806282362467189706e-02
1.200000000000000000e+01 5.453449079495760465e-02
1.280000000000000071e+01 5.145297145038066344e-02
1.359999999999999964e+01 4.874268264658696004e-02
1.440000000000000036e+01 4.634411787044915437e-02
1.519999999999999929e+01 4.420983850085165312e-02
1.600000000000000000e+01 4.230159582926368983e-02
1.680000000000000071e+01 4.058823233262017632e-02
1.760000000000000142e+01 3.904412898754933137e-02
1.839999999999999858e+01 3.764804114692026776e-02
1.919999999999999929e+01 3.638221491752276909e-02
2.000000000000000000e+01 3.523170876090180037e-02
2.080000000000000071e+01 3.418386712933741550e-02
2.160000000000000142e+01 3.322790805463702452e-02
2.239999999999999858e+01 3.235459708174408255e-02
2.319999999999999929e+01 3.155598729801645241e-02
2.400000000000000000e+01 3.082521044338426899e-02
2.480000000000000071e+01 3.015630785344869391e-02
2.560000000000000142e+01 2.954409272831708469e-02
2.639999999999999858e+01 2.898403723489996128e-02
2.719999999999999929e+01 2.847217944632093531e-02
2.800000000000000000e+01 2.800504624305249005e-02
2.880000000000000071e+01 2.757958914780962376e-02
2.960000000000000142e+01 2.719313071226285919e-02
3.039999999999999858e+01 2.684331957010946748e-02
3.119999999999999929e+01 2.652809265555930787e-02
3.200000000000000000e+01 2.624564338635691427e-02
3.279999999999999716e+01 2.599439484637700026e-02
3.360000000000000142e+01 2.577297718970658971e-02
3.439999999999999858e+01 2.558020863730339767e-02
3.520000000000000284e+01 2.541507955737549659e-02
3.600000000000000000e+01 2.527673921810882907e-02
3.679999999999999716e+01 2.516448488131628469e-02
3.760000000000000142e+01 2.507775297191397468e-02
3.839999999999999858e+01 2.501611211393038603e-02
3.920000000000000284e+01 2.497925787148109339e-02
4.000000000000000000e+01 2.496700907479358286e-02
4.079999999999999716e+01 2.497930564860239080e-02
4.160000000000000142e+01 2.501620789447397963e-02
4.239999999999999858e+01 2.507789721112311035e-02
4.320000000000000284e+01 2.516467826871670102e-02
4.400000000000000000e+01 2.527698268566551040e-02
4.479999999999999716e+01 2.541537429064730236e-02
4.560000000000000142e+01 2.558055608984755036e-02
4.639999999999999858e+01 2.577337910106447180e-02
4.720000000000000284e+01 2.599485326406501470e-02
4.800000000000000000e+01 2.624616069239439284e-02
4.879999999999999716e+01 2.652867159819500414e-02
4.960000000000000142e+01 2.684396330156491386e-02
5.039999999999999858e+01 2.719384283350228040e-02
5.120000000000000284e+01 2.758037376158264595e-02
5.200000000000000000e+01 2.800590801674995856e-02
5.279999999999999716e+01 2.847312368655300491e-02
5.360000000000000142e+01 2.898506997617153122e-02
5.439999999999999858e+01 2.954522083876831226e-02
5.520000000000000284e+01 3.015753916138761564e-02
5.600000000000000000e+01 3.082655388931837548e-02
5.679999999999999716e+01 3.155745311816339493e-02
5.760000000000000142e+01 3.235619703066920649e-02
5.839999999999999858e+01 3.322965567686538696e-02
5.920000000000000284e+01 3.418577809271329537e-02
6.000000000000000000e+01 3.523380126838977777e-02
6.079999999999999716e+01 3.638451021944267422e-02
6.160000000000000142e+01 3.765056418282591161e-02
6.239999999999999858e+01 3.904690919687241885e-02
6.320000000000000284e+01 4.059130468691832944e-02
6.400000000000000000e+01 4.230500215803380260e-02
6.479999999999999716e+01 4.421362920969572341e-02
6.559999999999999432e+01 4.634835418819374664e-02
6.640000000000000568e+01 4.874743959139270916e-02
6.720000000000000284e+01 5.145834178029794204e-02
6.800000000000000000e+01 5.454059031409141250e-02
6.879999999999999716e+01 5.806979836183267379e-02
6.959999999999999432e+01 6.214334326629160354e-02
7.040000000000000568e+01 6.688856013511297605e-02
7.120000000000000284e+01 7.247479340205306708e-02
7.200000000000000000e+01 7.913149918750635170e-02
7.279999999999999716e+01 8.717605665290074912e-02
7.359999999999999432e+01 9.705754305626326794e-02
7.440000000000000568e+01 1.094274560613033437e-01
7.520000000000000284e+01 1.252572500496600960e-01
7.600000000000000000e+01 1.460398535183182467e-01
7.679999999999999716e+01 1.741475289141004024e-01
7.759999999999999432e+01 2.134940452842035707e-01
7.840000000000000568e+01 2.708233516321203460e-01
7.920000000000000284e+01 3.583866502959521250e-01
