0.000000000000000000e+00 4.979730927731486068e-01
1.000000000000000000e+00 1.155189172760771738e-01
2.000000000000000000e+00 4.068007628749693155e-02
3.000000000000000000e+00 2.157854803341499247e-02
4.000000000000000000e+00 1.544944388156515962e-02
5.000000000000000000e+00 1.305055501355885210e-02
6.000000000000000000e+00 1.193040815914741745e-02
7.000000000000000000e+00 1.131993873371655787e-02
8.000000000000000000e+00 1.094207226662482005e-02
9.000000000000000000e+00 1.068426576809024774e-02
1.000000000000000000e+01 1.049553119426059437e-02
1.100000000000000000e+01 1.035031587593236192e-02
1.200000000000000000e+01 1.023459199723658966e-02
1.300000000000000000e+01 1.014002576628521279e-02
1.400000000000000000e+01 1.006133032963120282e-02
1.500000000000000000e+01 9.994969358634867712e-03
1.600000000000000000e+01 9.938475472739766170e-03
1.700000000000000000e+01 9.890068112693252422e-03
1.800000000000000000e+01 9.848426870491762408e-03
1.900000000000000000e+01 9.812550397828342930e-03
2.000000000000000000e+01 9.781664955129904665e-03
2.100000000000000000e+01 9.755163095669766235e-03
2.200000000000000000e+01 9.732561370177849128e-03
2.300000000000000000e+01 9.713470440760249569e-03
2.400000000000000000e+01 9.697573522192703271e-03
2.500000000000000000e+01 9.684610547963641222e-03
2.600000000000000000e+01 9.674366355079821664e-03
2.700000000000000000e+01 9.666661742284718070e-03
2.800000000000000000e+01 9.661346616504263782e-03
2.900000000000000000e+01 9.658294679244438033e-03
3.000000000000000000e+01 9.657399263769336772e-03
3.100000000000000000e+01 9.658570042724955521e-03
3.200000000000000000e+01 9.661730401560713818e-03
3.300000000000000000e+01 9.666815326522776308e-03
3.400000000000000000e+01 9.673769694214734774e-03
3.500000000000000000e+01 9.682546877409445654e-03
3.600000000000000000e+01 9.693107602085795568e-03
3.700000000000000000e+01 9.705419005693367504e-03
3.800000000000000000e+01 9.719453857893170859e-03
3.900000000000000000e+01 9.735189913517296526e-03
4.000000000000000000e+01 9.752609373966469528e-03
4.100000000000000000e+01 9.771698438245653845e-03
4.200000000000000000e+01 9.792446928702607661e-03
4.300000000000000000e+01 9.814847979560012772e-03
4.400000000000000000e+01 9.838897778721461540e-03
4.500000000000000000e+01 9.864595355238182928e-03
4.600000000000000000e+01 9.891942406360409654e-03
4.700000000000000000e+01 9.920943159352041754e-03
4.800000000000000000e+01 9.951604264286382021e-03
4.900000000000000000e+01 9.983934714916630968e-03
5.000000000000000000e+01 1.001794579546866522e-02
5.100000000000000000e+01 1.005365105186978303e-02
5.200000000000000000e+01 1.009106628653335704e-02
5.300000000000000000e+01 1.013020957639088927e-02
5.400000000000000000e+01 1.017110131442268417e-02
5.500000000000000000e+01 1.021376427550759781e-02
5.600000000000000000e+01 1.025822370801490226e-02
5.700000000000000000e+01 1.030450745322033894e-02
5.800000000000000000e+01 1.035264609537354594e-02
5.900000000000000000e+01 1.040267314610698185e-02
6.000000000000000000e+01 1.045462526789931422e-02
6.100000000000000000e+01 1.050854254253931128e-02
6.200000000000000000e+01 1.056446879204542971e-02
6.300000000000000000e+01 1.062245196136685048e-02
6.400000000000000000e+01 1.068254457453482464e-02
6.500000000000000000e+01 1.074480427889841494e-02
6.600000000000000000e+01 1.080929449586507871e-02
6.700000000000000000e+01 1.087608520144500018e-02
6.800000000000000000e+01 1.094525386623944156e-02
6.900000000000000000e+01 1.101688659282998133e-02
7.000000000000000000e+01 1.109107949953377220e-02
7.100000000000000000e+01 1.116794041420162906e-02
7.200000000000000000e+01 1.124759096159664261e-02
7.300000000000000000e+01 1.133016915499389203e-02
7.400000000000000000e+01 1.141583264005616334e-02
7.500000000000000000e+01 1.150476279133581456e-02
7.600000000000000000e+01 1.159716993584382523e-02
7.700000000000000000e+01 1.169330008466534787e-02
7.800000000000000000e+01 1.179344370932927828e-02
7.900000000000000000e+01 1.189794733147412319e-02
8.000000000000000000e+01 1.200722904668013666e-02
8.100000000000000000e+01 1.212179965149213015e-02
8.200000000000000000e+01 1.224229191871224580e-02
8.300000000000000000e+01 1.236950201010902743e-02
8.400000000000000000e+01 1.250444948216260059e-02
8.500000000000000000e+01 1.264846672750146069e-02
8.600000000000000000e+01 1.280333686159881336e-02
8.700000000000000000e+01 1.297151504991437242e-02
8.800000000000000000e+01 1.315650129157079455e-02
8.900000000000000000e+01 1.336350484635485079e-02
9.000000000000000000e+01 1.360070767603480113e-02
9.100000000000000000e+01 1.388184541407311116e-02
9.200000000000000000e+01 1.423190063955822107e-02
9.300000000000000000e+01 1.470071781235065753e-02
9.400000000000000000e+01 1.539846836286386765e-02
9.500000000000000000e+01 1.659713155683671323e-02
9.600000000000000000e+01 1.905439922248320164e-02
9.700000000000000000e+01 2.519522651394420776e-02
9.800000000000000000e+01 4.419744882975554234e-02
9.900000000000000000e+01 1.186807167868304397e-01
1.000000000000000000e+02 5.005807126963063292e-01
