0.000000000000000000e+00 4.996915015217941458e-01
1.600000000000000089e+00 2.003379802770926740e-02
3.200000000000000178e+00 2.090627887907289210e-03
4.799999999999999822e+00 7.290153138884246506e-04
6.400000000000000355e+00 4.767444314637841085e-04
8.000000000000000000e+00 3.700700230474396747e-04
9.599999999999999645e+00 3.049573868116848565e-04
1.119999999999999929e+01 2.596877898708468795e-04
1.280000000000000071e+01 2.261783524369380069e-04
1.440000000000000036e+01 2.003552152686939450e-04
1.600000000000000000e+01 1.798594444220372711e-04
1.760000000000000142e+01 1.632146863238523099e-04
1.919999999999999929e+01 1.494461429717596401e-04
2.080000000000000071e+01 1.378832296413413374e-04
2.239999999999999858e+01 1.280491354315147509e-04
2.400000000000000000e+01 1.195954175890966527e-04
2.560000000000000142e+01 1.122614853910067949e-04
2.719999999999999929e+01 1.058485512163114938e-04
2.880000000000000071e+01 1.002023471543056011e-04
3.039999999999999858e+01 9.520134251410495424e-05
3.200000000000000000e+01 9.074851957177819904e-05
3.360000000000000142e+01 8.676551253828422106e-05
3.520000000000000284e+01 8.318835302734598034e-05
3.679999999999999716e+01 7.996433043534095005e-05
3.839999999999999858e+01 7.704964053496788073e-05
4.000000000000000000e+01 7.440760069417547975e-05
4.160000000000000142e+01 7.200727863512456609e-05
4.320000000000000284e+01 6.982242719560064089e-05
4.479999999999999716e+01 6.783064839479768468e-05
4.639999999999999858e+01 6.601273133518867462e-05
4.800000000000000000e+01 6.435212331038711196e-05
4.960000000000000142e+01 6.283450400579798168e-05
5.120000000000000284e+01 6.144744022984604940e-05
5.279999999999999716e+01 6.018010410041306669e-05
5.439999999999999858e+01 5.902304164277425818e-05
5.600000000000000000e+01 5.796798174875935733e-05
5.760000000000000142e+01 5.700767769127169617e-05
5.920000000000000284e+01 5.613577508668952980e-05
6.079999999999999716e+01 5.534670149417207175e-05
6.239999999999999858e+01 5.463557383890810080e-05
6.400000000000000000e+01 5.399812062082441844e-05
6.559999999999999432e+01 5.343061647605117830e-05
6.720000000000000284e+01 5.292982713601526642e-05
6.879999999999999716e+01 5.249296320856860804e-05
7.040000000000000568e+01 5.211764150973088465e-05
7.200000000000000000e+01 5.180185292062982217e-05
7.359999999999999432e+01 5.154393594522096788e-05
7.520000000000000284e+01 5.134255531054130850e-05
7.679999999999999716e+01 5.119668509056659526e-05
7.840000000000000568e+01 5.110559595352426760e-05
8.000000000000000000e+01 5.106884623587755473e-05
8.159999999999999432e+01 5.108627663837046691e-05
8.320000000000000284e+01 5.115800842411363423e-05
8.479999999999999716e+01 5.128444507888699346e-05
8.640000000000000568e+01 5.146627747258949271e-05
8.800000000000000000e+01 5.170449264095337263e-05
8.959999999999999432e+01 5.200038639121339437e-05
9.120000000000000284e+01 5.235558002756945462e-05
9.279999999999999716e+01 5.277204159560860584e-05
9.440000000000000568e+01 5.325211216358999126e-05
9.600000000000000000e+01 5.379853779775541425e-05
9.759999999999999432e+01 5.441450805493500017e-05
9.920000000000000284e+01 5.510370201663748665e-05
1.007999999999999972e+02 5.587034313472802755e-05
1.024000000000000057e+02 5.671926446286395168e-05
1.040000000000000000e+02 5.765598622727505365e-05
1.055999999999999943e+02 5.868680816791178347e-05
1.072000000000000028e+02 5.981891968660845387e-05
1.087999999999999972e+02 6.106053161320881850e-05
1.104000000000000057e+02 6.242103439841123415e-05
1.120000000000000000e+02 6.391118883834934108e-05
1.135999999999999943e+02 6.554335713403244953e-05
1.152000000000000028e+02 6.733178433283452989e-05
1.167999999999999972e+02 6.929294319222640197e-05
1.184000000000000057e+02 7.144595953704243729e-05
1.200000000000000000e+02 7.381314066764565595e-05
1.215999999999999943e+02 7.642063692622923688e-05
1.232000000000000028e+02 7.929927704369297344e-05
1.247999999999999972e+02 8.248563272502881794e-05
1.264000000000000057e+02 8.602338915649880037e-05
1.280000000000000000e+02 8.996512894981646539e-05
1.295999999999999943e+02 9.437468257292181014e-05
1.311999999999999886e+02 9.933026679643841604e-05
1.328000000000000114e+02 1.049287377509861382e-04
1.344000000000000057e+02 1.112914499982622609e-04
1.360000000000000000e+02 1.185724779939804316e-04
1.375999999999999943e+02 1.269703943040448313e-04
1.391999999999999886e+02 1.367455459420959126e-04
1.408000000000000114e+02 1.482460907991496016e-04
1.424000000000000057e+02 1.619484900704366533e-04
1.440000000000000000e+02 1.785228657833926470e-04
1.455999999999999943e+02 1.989433337745926636e-04
1.471999999999999886e+02 2.246850795703745620e-04
1.488000000000000114e+02 2.581045729394089634e-04
1.504000000000000057e+02 3.032686835858948503e-04
1.520000000000000000e+02 3.682318463641518912e-04
1.535999999999999943e+02 4.745545711823154992e-04
1.551999999999999886e+02 7.252000239165938122e-04
1.568000000000000114e+02 2.075728970654944650e-03
1.584000000000000057e+02 1.992995111306204367e-02
