0.000000000000000000e+00 4.991211975314121529e-01
1.439999999999999947e+00 1.539609339467001570e-01
2.879999999999999893e+00 9.428064893202642294e-02
4.320000000000000284e+00 7.516378876835673462e-02
5.759999999999999787e+00 6.503247231216616187e-02
7.200000000000000178e+00 5.799240377386994522e-02
8.640000000000000568e+00 5.249715637291447329e-02
1.008000000000000007e+01 4.798167237511639927e-02
1.151999999999999957e+01 4.417182707087048688e-02
1.296000000000000085e+01 4.090532538024536230e-02
1.440000000000000036e+01 3.807345242265867263e-02
1.583999999999999986e+01 3.559772035480518459e-02
1.728000000000000114e+01 3.341871865728150703e-02
1.871999999999999886e+01 3.149003020326816144e-02
2.016000000000000014e+01 2.977456862727239847e-02
2.160000000000000142e+01 2.824220753668100700e-02
2.303999999999999915e+01 2.686815998384170859e-02
2.448000000000000043e+01 2.563182357610828757e-02
2.592000000000000171e+01 2.451593030179019181e-02
2.735999999999999943e+01 2.350590450101264564e-02
2.880000000000000071e+01 2.258936807703740973e-02
3.023999999999999844e+01 2.175575289159169604e-02
3.167999999999999972e+01 2.099599304352458770e-02
3.311999999999999744e+01 2.030227785160130041e-02
3.456000000000000227e+01 1.966785171675746596e-02
3.600000000000000000e+01 1.908685067910351890e-02
3.743999999999999773e+01 1.855416802657466543e-02
3.888000000000000256e+01 1.806534312874633411e-02
4.032000000000000028e+01 1.761646899442643327e-02
4.175999999999999801e+01 1.720411503538886791e-02
4.320000000000000284e+01 1.682526226021761190e-02
4.464000000000000057e+01 1.647724868877410362e-02
4.607999999999999829e+01 1.615772321565088834e-02
4.752000000000000313e+01 1.586460649281427188e-02
4.896000000000000085e+01 1.559605767091726269e-02
5.039999999999999858e+01 1.535044605257505045e-02
5.184000000000000341e+01 1.512632688187948334e-02
5.328000000000000114e+01 1.492242063205530267e-02
5.471999999999999886e+01 1.473759526460363505e-02
5.615999999999999659e+01 1.457085102403092927e-02
5.760000000000000142e+01 1.442130740656983462e-02
5.903999999999999915e+01 1.428819200247239719e-02
6.047999999999999687e+01 1.417083096209681599e-02
6.192000000000000171e+01 1.406864087817688048e-02
6.335999999999999943e+01 1.398112191200200950e-02
6.479999999999999716e+01 1.390785202106739095e-02
6.623999999999999488e+01 1.384848217114985174e-02
6.768000000000000682e+01 1.380273243760276117e-02
6.912000000000000455e+01 1.377038891966814865e-02
7.056000000000000227e+01 1.375130140838451594e-02
7.200000000000000000e+01 1.374538176374267250e-02
7.343999999999999773e+01 1.375260297056016441e-02
7.487999999999999545e+01 1.377299885550898988e-02
7.631999999999999318e+01 1.380666446021032792e-02
7.776000000000000512e+01 1.385375707765441888e-02
7.920000000000000284e+01 1.391449797175912592e-02
8.064000000000000057e+01 1.398917481300093572e-02
8.207999999999999829e+01 1.407814487711315371e-02
8.351999999999999602e+01 1.418183906926026583e-02
8.495999999999999375e+01 1.430076685333098521e-02
8.640000000000000568e+01 1.443552218558412023e-02
8.784000000000000341e+01 1.458679057446639858e-02
8.928000000000000114e+01 1.475535741475999911e-02
9.071999999999999886e+01 1.494211777523133701e-02
9.215999999999999659e+01 1.514808785576950319e-02
9.359999999999999432e+01 1.537441837401623372e-02
9.504000000000000625e+01 1.562241019443318460e-02
9.648000000000000398e+01 1.589353257680115039e-02
9.792000000000000171e+01 1.618944449904503521e-02
9.935999999999999943e+01 1.651201960452041220e-02
1.007999999999999972e+02 1.686337544095885960e-02
1.022399999999999949e+02 1.724590780293507389e-02
1.036800000000000068e+02 1.766233116953369250e-02
1.051200000000000045e+02 1.811572645379441737e-02
1.065600000000000023e+02 1.860959756373475535e-02
1.080000000000000000e+02 1.914793863413560490e-02
1.094399999999999977e+02 1.973531424822636340e-02
1.108799999999999955e+02 2.037695556280985990e-02
1.123199999999999932e+02 2.107887602710975528e-02
1.137600000000000051e+02 2.184801141370305497e-02
1.152000000000000028e+02 2.269239026089982583e-02
1.166400000000000006e+02 2.362134271301447735e-02
1.180799999999999983e+02 2.464575837521548393e-02
1.195199999999999960e+02 2.577840755075254744e-02
1.209599999999999937e+02 2.703434572144366652e-02
1.224000000000000057e+02 2.843142942484560079e-02
1.238400000000000034e+02 2.999098464466911501e-02
1.252800000000000011e+02 3.173868992173645848e-02
1.267199999999999989e+02 3.370577232222532471e-02
1.281599999999999966e+02 3.593067897823413320e-02
1.295999999999999943e+02 3.846151063328094588e-02
1.310399999999999920e+02 4.135975985294837454e-02
1.324799999999999898e+02 4.470648123204273156e-02
1.339199999999999875e+02 4.861352452986813372e-02
1.353600000000000136e+02 5.324691527014325382e-02
1.368000000000000114e+02 5.888488370320656834e-02
1.382400000000000091e+02 6.609581245850258691e-02
1.396800000000000068e+02 7.642410601615133581e-02
1.411200000000000045e+02 9.573988765037974580e-02
1.425600000000000023e+02 1.555194928852533520e-01
