0.000000000000000000e+00 4.991583839430183134e-01
1.600000000000000089e+00 5.260334485305082075e-02
3.200000000000000178e+00 1.443755595278351303e-02
4.799999999999999822e+00 8.688737990471599032e-03
6.400000000000000355e+00 7.357692892771040133e-03
8.000000000000000000e+00 6.909016410707111144e-03
9.599999999999999645e+00 6.699662571125037346e-03
1.119999999999999929e+01 6.576543936370114925e-03
1.280000000000000071e+01 6.493226220349525464e-03
1.440000000000000036e+01 6.431961699711642721e-03
1.600000000000000000e+01 6.384487256460915326e-03
1.760000000000000142e+01 6.346353796416260087e-03
1.919999999999999929e+01 6.314918023702661455e-03
2.080000000000000071e+01 6.288501331608730219e-03
2.239999999999999858e+01 6.265985891611988191e-03
2.400000000000000000e+01 6.246599955733353818e-03
2.560000000000000142e+01 6.229795084029809797e-03
2.719999999999999929e+01 6.215172068606532492e-03
2.880000000000000071e+01 6.202434356550584789e-03
3.039999999999999858e+01 6.191357772198532311e-03
3.200000000000000000e+01 6.181770277656820772e-03
3.360000000000000142e+01 6.173538113829324554e-03
3.520000000000000284e+01 6.166556107552458380e-03
3.679999999999999716e+01 6.160740763554768511e-03
3.839999999999999858e+01 6.156025257121575632e-03
4.000000000000000000e+01 6.152355748561870452e-03
4.160000000000000142e+01 6.149688632644356549e-03
4.320000000000000284e+01 6.147988459720374679e-03
4.479999999999999716e+01 6.147226346312721114e-03
4.639999999999999858e+01 6.147378747097002535e-03
4.800000000000000000e+01 6.148426496972102598e-03
4.960000000000000142e+01 6.150354057267518222e-03
5.120000000000000284e+01 6.153148917861651045e-03
5.279999999999999716e+01 6.156801119543710808e-03
5.439999999999999858e+01 6.161302869959115608e-03
5.600000000000000000e+01 6.166648233013475970e-03
5.760000000000000142e+01 6.172832876403573470e-03
5.920000000000000284e+01 6.179853865495897949e-03
6.079999999999999716e+01 6.187709494431374753e-03
6.239999999999999858e+01 6.196399147342654574e-03
6.400000000000000000e+01 6.205923184100323869e-03
6.559999999999999432e+01 6.216282846180585728e-03
6.720000000000000284e+01 6.227480179158802892e-03
6.879999999999999716e+01 6.239517969046247739e-03
7.040000000000000568e+01 6.252399690249818738e-03
7.200000000000000000e+01 6.266129463382155186e-03
7.359999999999999432e+01 6.280712021509721882e-03
7.520000000000000284e+01 6.296152683719479642e-03
7.679999999999999716e+01 6.312457335126551126e-03
7.840000000000000568e+01 6.329632412648287902e-03
8.000000000000000000e+01 6.347684896044048126e-03
8.159999999999999432e+01 6.366622303872937830e-03
8.320000000000000284e+01 6.386452694160413106e-03
8.479999999999999716e+01 6.407184669694952067e-03
8.640000000000000568e+01 6.428827388003302036e-03
8.800000000000000000e+01 6.451390576182431183e-03
8.959999999999999432e+01 6.474884550903560812e-03
9.120000000000000284e+01 6.499320244054449663e-03
9.279999999999999716e+01 6.524709234657052534e-03
9.440000000000000568e+01 6.551063787896717686e-03
9.600000000000000000e+01 6.578396902335975280e-03
9.759999999999999432e+01 6.606722366672720601e-03
9.920000000000000284e+01 6.636054827754983218e-03
1.007999999999999972e+02 6.666409872002513476e-03
1.024000000000000057e+02 6.697804122935790798e-03
1.040000000000000000e+02 6.730255358211046854e-03
1.055999999999999943e+02 6.763782650452880227e-03
1.072000000000000028e+02 6.798406537328312814e-03
1.087999999999999972e+02 6.834149227805621889e-03
1.104000000000000057e+02 6.871034853509584012e-03
1.120000000000000000e+02 6.909089776691510788e-03
1.135999999999999943e+02 6.948342969817008531e-03
1.152000000000000028e+02 6.988826486477955208e-03
1.167999999999999972e+02 7.030576049749840718e-03
1.184000000000000057e+02 7.073631792959648827e-03
1.200000000000000000e+02 7.118039200164636218e-03
1.215999999999999943e+02 7.163850311060278482e-03
1.232000000000000028e+02 7.211125279956469986e-03
1.247999999999999972e+02 7.259934414624272421e-03
1.264000000000000057e+02 7.310360874097986822e-03
1.280000000000000000e+02 7.362504284329040964e-03
1.295999999999999943e+02 7.416485652308342329e-03
1.311999999999999886e+02 7.472454148614745412e-03
1.328000000000000114e+02 7.530596629412051636e-03
1.344000000000000057e+02 7.591151259595829183e-03
1.360000000000000000e+02 7.654427421428112131e-03
1.375999999999999943e+02 7.720835518611670646e-03
1.391999999999999886e+02 7.790932857143226600e-03
1.408000000000000114e+02 7.865496660191338696e-03
1.424000000000000057e+02 7.945645136037399539e-03
1.440000000000000000e+02 8.033049216132515102e-03
1.455999999999999943e+02 8.130330729728506636e-03
1.471999999999999886e+02 8.241890750539208887e-03
1.488000000000000114e+02 8.375885041197206685e-03
1.504000000000000057e+02 8.549799513928812988e-03
1.520000000000000000e+02 8.809350888831809015e-03
1.535999999999999943e+02 9.305440422628923069e-03
1.551999999999999886e+02 1.067388097406983018e-02
1.568000000000000114e+02 1.642423197742593280e-02
1.584000000000000057e+02 5.445491644700523048e-02
