0.000000000000000000e+00 4.999633773885850951e-01
1.600000000000000089e+00 2.705794954583045087e-01
3.200000000000000178e+00 1.737247563513822646e-01
4.799999999999999822e+00 1.246494992999119672e-01
6.400000000000000355e+00 9.625721097995967868e-02
8.000000000000000000e+00 7.813239998160692590e-02
9.599999999999999645e+00 6.568531761823083459e-02
1.119999999999999929e+01 5.665711851687351558e-02
1.280000000000000071e+01 4.983056722629505136e-02
1.440000000000000036e+01 4.449920689635725873e-02
1.600000000000000000e+01 4.022741980262461298e-02
1.760000000000000142e+01 3.673292227680730049e-02
1.919999999999999929e+01 3.382513308896840237e-02
2.080000000000000071e+01 3.137089988025612564e-02
2.239999999999999858e+01 2.927446433402496745e-02
2.400000000000000000e+01 2.746523970743714252e-02
2.560000000000000142e+01 2.589007515168257473e-02
2.719999999999999929e+01 2.450820119929128862e-02
2.880000000000000071e+01 2.328783392057083915e-02
3.039999999999999858e+01 2.220383690222772072e-02
3.200000000000000000e+01 2.123607624873766198e-02
3.360000000000000142e+01 2.036824060302809200e-02
3.520000000000000284e+01 1.958697994441065821e-02
3.679999999999999716e+01 1.888126715923019172e-02
3.839999999999999858e+01 1.824191802534893408e-02
4.000000000000000000e+01 1.766122563939412013e-02
4.160000000000000142e+01 1.713267872174487755e-02
4.320000000000000284e+01 1.665074221520928058e-02
4.479999999999999716e+01 1.621068471339418005e-02
4.639999999999999858e+01 1.580844149114796204e-02
4.800000000000000000e+01 1.544050488462498337e-02
4.960000000000000142e+01 1.510383588608157565e-02
5.120000000000000284e+01 1.479579234449743610e-02
5.279999999999999716e+01 1.451407027557045232e-02
5.439999999999999858e+01 1.425665560442089010e-02
5.600000000000000000e+01 1.402178427460044896e-02
5.760000000000000142e+01 1.380790911563158259e-02
5.920000000000000284e+01 1.361367220909428556e-02
6.079999999999999716e+01 1.343788175928552556e-02
6.239999999999999858e+01 1.327949267960821557e-02
6.400000000000000000e+01 1.313759026529523130e-02
6.559999999999999432e+01 1.301137644798279827e-02
6.720000000000000284e+01 1.290015822626337620e-02
6.879999999999999716e+01 1.280333794482719362e-02
7.040000000000000568e+01 1.272040515777990086e-02
7.200000000000000000e+01 1.265092986272278903e-02
7.359999999999999432e+01 1.259455693390233895e-02
7.520000000000000284e+01 1.255100161726874393e-02
7.679999999999999716e+01 1.252004597926838735e-02
7.840000000000000568e+01 1.250153622593600487e-02
8.000000000000000000e+01 1.249538083040402370e-02
8.159999999999999432e+01 1.250154942618275644e-02
8.320000000000000284e+01 1.252007244123194522e-02
8.479999999999999716e+01 1.255104146460148985e-02
8.640000000000000568e+01 1.259461035387912653e-02
8.800000000000000000e+01 1.265099710844076394e-02
8.959999999999999432e+01 1.272048655116708900e-02
9.120000000000000284e+01 1.280343388052806314e-02
9.279999999999999716e+01 1.290026917649120426e-02
9.440000000000000568e+01 1.301150296845374199e-02
9.600000000000000000e+01 1.313773300238851686e-02
9.759999999999999432e+01 1.327965237893227388e-02
9.920000000000000284e+01 1.343805927587277647e-02
1.007999999999999972e+02 1.361386851949991476e-02
1.024000000000000057e+02 1.380812533227677996e-02
1.040000000000000000e+02 1.402202166278192740e-02
1.055999999999999943e+02 1.425691560251091290e-02
1.072000000000000028e+02 1.451435451906153175e-02
1.087999999999999972e+02 1.479610269471208668e-02
1.104000000000000057e+02 1.510417446458163851e-02
1.120000000000000000e+02 1.544087411463334822e-02
1.135999999999999943e+02 1.580884414766006371e-02
1.152000000000000028e+02 1.621112398413850769e-02
1.167999999999999972e+02 1.665122177525875727e-02
1.184000000000000057e+02 1.713320282544654460e-02
1.200000000000000000e+02 1.766179923446246566e-02
1.215999999999999943e+02 1.824254689558904921e-02
1.232000000000000028e+02 1.888195810461356511e-02
1.247999999999999972e+02 1.958774101040882190e-02
1.264000000000000057e+02 2.036908137565882071e-02
1.280000000000000000e+02 2.123700823837894672e-02
1.295999999999999943e+02 2.220487404898591893e-02
1.311999999999999886e+02 2.328899326858673707e-02
1.328000000000000114e+02 2.450950380968275333e-02
1.344000000000000057e+02 2.589154735864525672e-02
1.360000000000000000e+02 2.746691487760214573e-02
1.375999999999999943e+02 2.927638538008065297e-02
1.391999999999999886e+02 3.137312293257361884e-02
1.408000000000000114e+02 3.382773299311929438e-02
1.424000000000000057e+02 3.673600105607371241e-02
1.440000000000000000e+02 4.023112009268865058e-02
1.455999999999999943e+02 4.450373400995441542e-02
1.471999999999999886e+02 4.983622673062987340e-02
1.488000000000000114e+02 5.666438260029443841e-02
1.504000000000000057e+02 6.569494598136522978e-02
1.520000000000000000e+02 7.814566280392322428e-02
1.535999999999999943e+02 9.627628400327353786e-02
1.551999999999999886e+02 1.246780255259309772e-01
1.568000000000000114e+02 1.737678185986978596e-01
1.584000000000000057e+02 2.706385722906854974e-01
