0.000000000000000000e+00 4.999349842247849951e-01
1.280000000000000027e+00 3.011159102744878080e-01
2.560000000000000053e+00 2.041880830752630660e-01
3.839999999999999858e+00 1.505692730268995971e-01
5.120000000000000107e+00 1.178898413499710612e-01
6.400000000000000355e+00 9.638967749690144360e-02
7.679999999999999716e+00 8.136449561816773424e-02
8.960000000000000853e+00 7.035271155184116831e-02
1.024000000000000021e+01 6.197265718226695197e-02
1.151999999999999957e+01 5.540068502239586107e-02
1.280000000000000071e+01 5.011985749503364979e-02
1.408000000000000007e+01 4.579118495726644533e-02
1.535999999999999943e+01 4.218390779209154479e-02
1.664000000000000057e+01 3.913584975790820181e-02
1.792000000000000171e+01 3.652987163047061170e-02
1.919999999999999929e+01 3.427934075661433211e-02
2.048000000000000043e+01 3.231885628111366704e-02
2.176000000000000156e+01 3.059814990016291453e-02
2.303999999999999915e+01 2.907796763557822864e-02
2.432000000000000028e+01 2.772722323345382794e-02
2.560000000000000142e+01 2.652098893902298318e-02
2.687999999999999901e+01 2.543905047768115629e-02
2.816000000000000014e+01 2.446485011754433170e-02
2.944000000000000128e+01 2.358470170004690544e-02
3.071999999999999886e+01 2.278719952482210001e-02
3.200000000000000000e+01 2.206276756230720476e-02
3.328000000000000114e+01 2.140331169339627915e-02
3.456000000000000227e+01 2.080194857884840737e-02
3.584000000000000341e+01 2.025279221075227537e-02
3.711999999999999744e+01 1.975078436675805141e-02
3.839999999999999858e+01 1.929155882469147515e-02
3.967999999999999972e+01 1.887133178820273732e-02
4.096000000000000085e+01 1.848681284559208424e-02
4.224000000000000199e+01 1.813513215013936100e-02
4.352000000000000313e+01 1.781378051825350736e-02
4.480000000000000426e+01 1.752055989293343011e-02
4.607999999999999829e+01 1.725354218511848323e-02
4.735999999999999943e+01 1.701103493440844078e-02
4.864000000000000057e+01 1.679155255894260873e-02
4.992000000000000171e+01 1.659379221759025788e-02
5.120000000000000284e+01 1.641661350467629732e-02
5.248000000000000398e+01 1.625902135194448941e-02
5.375999999999999801e+01 1.612015163449221841e-02
5.503999999999999915e+01 1.599925907457674240e-02
5.632000000000000028e+01 1.589570711520644011e-02
5.760000000000000142e+01 1.580895949863535960e-02
5.888000000000000256e+01 1.573857333660763982e-02
6.016000000000000369e+01 1.568419350203385798e-02
6.143999999999999773e+01 1.564554820774967728e-02
6.271999999999999886e+01 1.562244566872013352e-02
6.400000000000000000e+01 1.561477177081623501e-02
6.528000000000000114e+01 1.562248869318530638e-02
6.656000000000000227e+01 1.564563445318736812e-02
6.784000000000000341e+01 1.568432336369361690e-02
6.912000000000000455e+01 1.573874741299913227e-02
7.040000000000000568e+01 1.580917859842766171e-02
7.168000000000000682e+01 1.589597226666025070e-02
7.296000000000000796e+01 1.599957153772017110e-02
7.423999999999999488e+01 1.612051291631729291e-02
7.551999999999999602e+01 1.625943322497858806e-02
7.679999999999999716e+01 1.641707802937347402e-02
7.807999999999999829e+01 1.659431176909571815e-02
7.935999999999999943e+01 1.679212985891516061e-02
8.064000000000000057e+01 1.701167308874625486e-02
8.192000000000000171e+01 1.725424472863234387e-02
8.320000000000000284e+01 1.752133084225932988e-02
8.448000000000000398e+01 1.781462443460769124e-02
8.576000000000000512e+01 1.813605421391334058e-02
8.704000000000000625e+01 1.848781894528835415e-02
8.832000000000000739e+01 1.887242862685951234e-02
8.960000000000000853e+01 1.929275404778407754e-02
9.087999999999999545e+01 1.975208671666216567e-02
9.215999999999999659e+01 2.025421171430131714e-02
9.343999999999999773e+01 2.080349677644249481e-02
9.471999999999999886e+01 2.140500192070660113e-02
9.600000000000000000e+01 2.206461529912877306e-02
9.728000000000000114e+01 2.278922283044103325e-02
9.856000000000000227e+01 2.358692176116630040e-02
9.984000000000000341e+01 2.446729194419199407e-02
1.011200000000000045e+02 2.544174379587030646e-02
1.024000000000000057e+02 2.652396934820124008e-02
1.036800000000000068e+02 2.773053372500304536e-02
1.049600000000000080e+02 2.908166061066205788e-02
1.062400000000000091e+02 3.060228988890861118e-02
1.075199999999999960e+02 3.232352366341487843e-02
1.087999999999999972e+02 3.428463693955203367e-02
1.100799999999999983e+02 3.653592638585474728e-02
1.113599999999999994e+02 3.914283183098261898e-02
1.126400000000000006e+02 4.219204057448155964e-02
1.139200000000000017e+02 4.580077017961320385e-02
1.152000000000000028e+02 5.013131190204244553e-02
1.164800000000000040e+02 5.541459846888822927e-02
1.177600000000000051e+02 6.198988649329806311e-02
1.190400000000000063e+02 7.037453383854301581e-02
1.203200000000000074e+02 8.139285648653048211e-02
1.216000000000000085e+02 9.642757086752515305e-02
1.228799999999999955e+02 1.179417854424080203e-01
1.241599999999999966e+02 1.506414553812957802e-01
1.254399999999999977e+02 2.042862563908345030e-01
1.267199999999999989e+02 3.012355013798820869e-01
1.280000000000000000e+02 5.000507737983673762e-01
