0.000000000000000000e+00 4.996943950192046513e-01
9.599999999999999645e-01 6.619866060825484178e-02
1.919999999999999929e+00 1.170935426440352506e-02
2.879999999999999893e+00 2.978912309150240790e-03
3.839999999999999858e+00 1.194893882989729551e-03
4.799999999999999822e+00 7.122952928079861329e-04
5.759999999999999787e+00 5.295375200563779078e-04
6.719999999999999751e+00 4.342958735533524990e-04
7.679999999999999716e+00 3.726923704332256947e-04
8.640000000000000568e+00 3.278895285463242657e-04
9.599999999999999645e+00 2.932303620364095959e-04
1.056000000000000050e+01 2.654373518026143701e-04
1.151999999999999957e+01 2.426111462863744512e-04
1.248000000000000043e+01 2.235298337188119315e-04
1.343999999999999950e+01 2.073545659057876784e-04
1.440000000000000036e+01 1.934843392685654231e-04
1.535999999999999943e+01 1.814751581742280080e-04
1.632000000000000028e+01 1.709911359647052096e-04
1.728000000000000114e+01 1.617731884973493595e-04
1.823999999999999844e+01 1.536181613668174560e-04
1.919999999999999929e+01 1.463644766810215695e-04
2.016000000000000014e+01 1.398820137192431352e-04
2.112000000000000099e+01 1.340648232266020764e-04
2.207999999999999829e+01 1.288257857277893647e-04
2.303999999999999915e+01 1.240926319804336331e-04
2.400000000000000000e+01 1.198049356208481786e-04
2.496000000000000085e+01 1.159118111533693492e-04
2.592000000000000171e+01 1.123701312759236811e-04
2.687999999999999901e+01 1.091431317304435107e-04
2.783999999999999986e+01 1.061993088710262397e-04
2.880000000000000071e+01 1.035115408286947002e-04
2.976000000000000156e+01 1.010563812503051867e-04
3.071999999999999886e+01 9.881348751788447823e-05
3.167999999999999972e+01 9.676515470767940589e-05
3.264000000000000057e+01 9.489593339399289378e-05
3.360000000000000142e+01 9.319231446833228598e-05
3.456000000000000227e+01 9.164246793078729937e-05
3.552000000000000313e+01 9.023602546800745829e-05
3.647999999999999687e+01 8.896389880811652500e-05
3.743999999999999773e+01 8.781812751423233266e-05
3.839999999999999858e+01 8.679175117266155139e-05
3.935999999999999943e+01 8.587870194245729146e-05
4.032000000000000028e+01 8.507371422843970025e-05
4.128000000000000114e+01 8.437224887094376205e-05
4.224000000000000199e+01 8.377042975068223066e-05
4.320000000000000284e+01 8.326499111510226897e-05
4.415999999999999659e+01 8.285323426555820650e-05
4.511999999999999744e+01 8.253299251956568204e-05
4.607999999999999829e+01 8.230260359266255835e-05
4.703999999999999915e+01 8.216088874053452092e-05
4.800000000000000000e+01 8.210713817258678067e-05
4.896000000000000085e+01 8.214110240009484453e-05
4.992000000000000171e+01 8.226298932143611320e-05
5.088000000000000256e+01 8.247346697898364767e-05
5.184000000000000341e+01 8.277367205193080402e-05
5.279999999999999716e+01 8.316522428137635608e-05
5.375999999999999801e+01 8.365024716333027601e-05
5.471999999999999886e+01 8.423139539719260826e-05
5.567999999999999972e+01 8.491188974769873642e-05
5.664000000000000057e+01 8.569556017434741785e-05
5.760000000000000142e+01 8.658689831244611784e-05
5.856000000000000227e+01 8.759112066467175835e-05
5.952000000000000313e+01 8.871424419476001231e-05
6.047999999999999687e+01 8.996317642264006612e-05
6.143999999999999773e+01 9.134582262508998186e-05
6.239999999999999858e+01 9.287121337668716788e-05
6.335999999999999943e+01 9.454965646064419102e-05
6.431999999999999318e+01 9.639291818896340033e-05
6.528000000000000114e+01 9.841444046473239238e-05
6.623999999999999488e+01 1.006296015893666756e-04
6.720000000000000284e+01 1.030560309917683123e-04
6.815999999999999659e+01 1.057139909113610174e-04
6.912000000000000455e+01 1.086268418499558889e-04
7.007999999999999829e+01 1.118216136680873462e-04
7.104000000000000625e+01 1.153297110404586284e-04
7.200000000000000000e+01 1.191877913282995006e-04
7.295999999999999375e+01 1.234388658406676564e-04
7.392000000000000171e+01 1.281336935336167674e-04
7.487999999999999545e+01 1.333325618486848763e-04
7.584000000000000341e+01 1.391075863439679753e-04
7.679999999999999716e+01 1.455457148824835763e-04
7.776000000000000512e+01 1.527527028433640791e-04
7.871999999999999886e+01 1.608584486767545196e-04
7.968000000000000682e+01 1.700242706138807070e-04
8.064000000000000057e+01 1.804530122265214599e-04
8.159999999999999432e+01 1.924033733739524774e-04
8.256000000000000227e+01 2.062107444368016106e-04
8.351999999999999602e+01 2.223184400778578846e-04
8.448000000000000398e+01 2.413264461741912209e-04
8.543999999999999773e+01 2.640719011129189831e-04
8.640000000000000568e+01 2.917733923714310273e-04
8.735999999999999943e+01 3.263227217180809524e-04
8.831999999999999318e+01 3.709777420499439887e-04
8.928000000000000114e+01 4.323386479487780127e-04
9.023999999999999488e+01 5.270668624203668625e-04
9.120000000000000284e+01 7.084669521668120196e-04
9.215999999999999659e+01 1.186921971883589085e-03
9.312000000000000455e+01 2.957190795929174297e-03
9.407999999999999829e+01 1.163958763478826521e-02
9.504000000000000625e+01 6.596258076238123436e-02
