0.000000000000000000e+00 5.003464957294448956e-01
4.799999999999999822e-01 2.260413708054322401e-01
9.599999999999999645e-01 1.099675795263005962e-01
1.439999999999999947e+00 5.755408876211724756e-02
1.919999999999999929e+00 3.237589355453654449e-02
2.399999999999999911e+00 1.954406727948915928e-02
2.879999999999999893e+00 1.262762797967348534e-02
3.359999999999999876e+00 8.697724657829515246e-03
3.839999999999999858e+00 6.351206006475752092e-03
4.320000000000000284e+00 4.883027899907798307e-03
4.799999999999999822e+00 3.922901572839876568e-03
5.279999999999999361e+00 3.268285381794536638e-03
5.759999999999999787e+00 2.804193831327583559e-03
6.240000000000000213e+00 2.463081030597016018e-03
6.719999999999999751e+00 2.203995564124291377e-03
7.199999999999999289e+00 2.001365765840108519e-03
7.679999999999999716e+00 1.838771838435687526e-03
8.160000000000000142e+00 1.705385948531566243e-03
8.640000000000000568e+00 1.593882855089826011e-03
9.119999999999999218e+00 1.499183380362479646e-03
9.599999999999999645e+00 1.417681421770541949e-03
1.008000000000000007e+01 1.346758184377442550e-03
1.055999999999999872e+01 1.284470666800762622e-03
1.103999999999999915e+01 1.229347975759336169e-03
1.151999999999999957e+01 1.180255622739598883e-03
1.200000000000000000e+01 1.136303450549488742e-03
1.248000000000000043e+01 1.096782044147881019e-03
1.295999999999999908e+01 1.061118048557428478e-03
1.343999999999999950e+01 1.028842241025077582e-03
1.391999999999999993e+01 9.995663437240333033e-04
1.439999999999999858e+01 9.729659196543762045e-04
1.487999999999999901e+01 9.487675668266087534e-04
1.535999999999999943e+01 9.267391947740994014e-04
1.583999999999999986e+01 9.066825435099387870e-04
1.632000000000000028e+01 8.884273568981011435e-04
1.680000000000000071e+01 8.718267932600661657e-04
1.728000000000000114e+01 8.567537734151910774e-04
1.775999999999999801e+01 8.430980480052692721e-04
1.823999999999999844e+01 8.307638234579810439e-04
1.871999999999999886e+01 8.196678269377080314e-04
1.919999999999999929e+01 8.097377202098812515e-04
1.967999999999999972e+01 8.009107939423442150e-04
2.016000000000000014e+01 7.931328899262858698e-04
2.064000000000000057e+01 7.863575106341864169e-04
2.111999999999999744e+01 7.805450845674604581e-04
2.159999999999999787e+01 7.756623627741422028e-04
2.207999999999999829e+01 7.716819273015875945e-04
2.255999999999999872e+01 7.685817965980207885e-04
2.303999999999999915e+01 7.663451162878130198e-04
2.351999999999999957e+01 7.649599265402033449e-04
2.400000000000000000e+01 7.644189995979040145e-04
2.448000000000000043e+01 7.647197430616720559e-04
2.496000000000000085e+01 7.658641663452205820e-04
2.543999999999999773e+01 7.678589094111435646e-04
2.591999999999999815e+01 7.707153345529961421e-04
2.639999999999999858e+01 7.744496836782965637e-04
2.687999999999999901e+01 7.790833053515755892e-04
2.735999999999999943e+01 7.846429578639307510e-04
2.783999999999999986e+01 7.911611969096725644e-04
2.832000000000000028e+01 7.986768591997715598e-04
2.879999999999999716e+01 8.072356566899806110e-04
2.927999999999999758e+01 8.168909002645155168e-04
2.975999999999999801e+01 8.277043769838485048e-04
3.023999999999999844e+01 8.397474117733190642e-04
3.071999999999999886e+01 8.531021532461998064e-04
3.119999999999999929e+01 8.678631349898404540e-04
3.167999999999999972e+01 8.841391791885408902e-04
3.215999999999999659e+01 9.020557304796537846e-04
3.264000000000000057e+01 9.217577367160707889e-04
3.311999999999999744e+01 9.434132331791525699e-04
3.360000000000000142e+01 9.672178427085652893e-04
3.407999999999999829e+01 9.934004836277085960e-04
3.456000000000000227e+01 1.022230691533031199e-03
3.503999999999999915e+01 1.054028127307979953e-03
3.551999999999999602e+01 1.089175089024328226e-03
3.600000000000000000e+01 1.128133211997858418e-03
3.647999999999999687e+01 1.171466096484050914e-03
3.696000000000000085e+01 1.219870454867475786e-03
3.743999999999999773e+01 1.274219697123501333e-03
3.792000000000000171e+01 1.335625969006199940e-03
3.839999999999999858e+01 1.405530017229451693e-03
3.887999999999999545e+01 1.485833727807910065e-03
3.935999999999999943e+01 1.579099244910657333e-03
3.983999999999999631e+01 1.688853850854716903e-03
4.032000000000000028e+01 1.820066026995745007e-03
4.079999999999999716e+01 1.979904131247277148e-03
4.128000000000000114e+01 2.178971653377174012e-03
4.175999999999999801e+01 2.433364668840595248e-03
4.223999999999999488e+01 2.768183354072760276e-03
4.271999999999999886e+01 3.223685624797838906e-03
4.319999999999999574e+01 3.866386396415994950e-03
4.367999999999999972e+01 4.809720415363457138e-03
4.415999999999999659e+01 6.253866533692788165e-03
4.464000000000000057e+01 8.565464161215582614e-03
4.511999999999999744e+01 1.244384918882461728e-02
4.560000000000000142e+01 1.928318057737919700e-02
4.607999999999999829e+01 3.199828571073844857e-02
4.655999999999999517e+01 5.699954065225848465e-02
4.703999999999999915e+01 1.091519722548143223e-01
4.751999999999999602e+01 2.248832389757445538e-01
4.800000000000000000e+01 4.989437693960435127e-01
4.847999999999999687e+01 1.203786757153939568e+00
4.896000000000000085e+01 6.687841537131225422e+00
