0.000000000000000000e+00 4.999700337854164900e-01
3.200000000000000067e-01 2.490086269956591492e-01
6.400000000000000133e-01 1.283571288258174570e-01
9.599999999999999645e-01 6.856972074479435186e-02
1.280000000000000027e+00 3.805574678904822400e-02
1.600000000000000089e+00 2.201764471256407313e-02
1.919999999999999929e+00 1.333518822191404225e-02
2.240000000000000213e+00 8.491794250460824381e-03
2.560000000000000053e+00 5.705650915182105057e-03
2.879999999999999893e+00 4.050989639480346780e-03
3.200000000000000178e+00 3.034878661310681097e-03
3.520000000000000018e+00 2.388519876252285547e-03
3.839999999999999858e+00 1.961900022012089996e-03
4.160000000000000142e+00 1.669385721741752310e-03
4.480000000000000426e+00 1.460998007404191220e-03
4.799999999999999822e+00 1.306918213778293040e-03
5.120000000000000107e+00 1.188957967920657721e-03
5.440000000000000391e+00 1.095770443150345663e-03
5.759999999999999787e+00 1.020111243360285677e-03
6.080000000000000071e+00 9.572432944538173229e-04
6.400000000000000355e+00 9.039916855004432325e-04
6.719999999999999751e+00 8.581740555890971954e-04
7.040000000000000036e+00 8.182515084158917262e-04
7.360000000000000320e+00 7.831110588988147167e-04
7.679999999999999716e+00 7.519277309484357838e-04
8.000000000000000000e+00 7.240756159043112983e-04
8.320000000000000284e+00 6.990694785659018300e-04
8.640000000000000568e+00 6.765257110972380371e-04
8.960000000000000853e+00 6.561357300814546750e-04
9.279999999999999361e+00 6.376475024431183360e-04
9.599999999999999645e+00 6.208524679944446003e-04
9.919999999999999929e+00 6.055761044931445283e-04
1.024000000000000021e+01 5.916709932759051885e-04
1.056000000000000050e+01 5.790116313862797830e-04
1.088000000000000078e+01 5.674904849083982957e-04
1.120000000000000107e+01 5.570149398337350235e-04
1.151999999999999957e+01 5.475049131392306602e-04
1.183999999999999986e+01 5.388909576742812249e-04
1.216000000000000014e+01 5.311127423957092862e-04
1.248000000000000043e+01 5.241178223556733004e-04
1.280000000000000071e+01 5.178606357039076784e-04
1.312000000000000099e+01 5.123016810955903543e-04
1.343999999999999950e+01 5.074068404501702470e-04
1.375999999999999979e+01 5.031468204093879912e-04
1.408000000000000007e+01 4.994966920495007030e-04
1.440000000000000036e+01 4.964355130613552682e-04
1.472000000000000064e+01 4.939460201678978323e-04
1.504000000000000092e+01 4.920143823125609859e-04
1.535999999999999943e+01 4.906300073437296115e-04
1.567999999999999972e+01 4.897853966989381986e-04
1.600000000000000000e+01 4.894760440747931594e-04
1.632000000000000028e+01 4.897003753439240501e-04
1.664000000000000057e+01 4.904597281189405217e-04
1.696000000000000085e+01 4.917583704238907968e-04
1.728000000000000114e+01 4.936035589680027539e-04
1.760000000000000142e+01 4.960056385742043572e-04
1.792000000000000171e+01 4.989781854476934078e-04
1.824000000000000199e+01 5.025381982355213873e-04
1.855999999999999872e+01 5.067063422961311063e-04
1.887999999999999901e+01 5.115072543555247275e-04
1.919999999999999929e+01 5.169699168890900870e-04
1.951999999999999957e+01 5.231281142903579763e-04
1.983999999999999986e+01 5.300209863850433847e-04
2.016000000000000014e+01 5.376936994237803977e-04
2.048000000000000043e+01 5.461982607745351215e-04
2.080000000000000071e+01 5.555945117677271207e-04
2.112000000000000099e+01 5.659513444549240865e-04
2.144000000000000128e+01 5.773482038153403533e-04
2.176000000000000156e+01 5.898769592818988447e-04
2.208000000000000185e+01 6.036442615657722655e-04
2.240000000000000213e+01 6.187745475856887018e-04
2.271999999999999886e+01 6.354139255843388109e-04
2.303999999999999915e+01 6.537352764323275641e-04
2.335999999999999943e+01 6.739450651199067671e-04
2.367999999999999972e+01 6.962925998349341582e-04
2.400000000000000000e+01 7.210828558036023062e-04
2.432000000000000028e+01 7.486945811103547666e-04
2.464000000000000057e+01 7.796063615415686722e-04
2.496000000000000085e+01 8.144348758275900876e-04
2.528000000000000114e+01 8.539921209894652237e-04
2.560000000000000142e+01 8.993726182294646456e-04
2.592000000000000171e+01 9.520887246429975397e-04
2.624000000000000199e+01 1.014284301708694765e-03
2.656000000000000227e+01 1.089077946949140122e-03
2.687999999999999901e+01 1.181123744202907701e-03
2.719999999999999929e+01 1.297542937463828840e-03
2.751999999999999957e+01 1.449498417656614607e-03
2.783999999999999986e+01 1.654902139519429626e-03
2.816000000000000014e+01 1.943154893774586998e-03
2.848000000000000043e+01 2.363600308619505375e-03
2.880000000000000071e+01 3.000900614285542493e-03
2.912000000000000099e+01 4.003577861088999934e-03
2.944000000000000128e+01 5.638133798737452948e-03
2.976000000000000156e+01 8.393966076688763947e-03
3.008000000000000185e+01 1.319144519290099855e-02
3.040000000000000213e+01 2.180431541080647337e-02
3.071999999999999886e+01 3.773772430739323613e-02
3.103999999999999915e+01 6.809774354891423576e-02
3.135999999999999943e+01 1.276713403568924265e-01
3.167999999999999972e+01 2.480676844220543742e-01
3.200000000000000000e+01 4.988673007716077357e-01
3.232000000000000028e+01 1.040026151818223443e+00
3.264000000000000057e+01 2.333078949091441423e+00
3.296000000000000085e+01 1.093167640880059643e+01
