0.000000000000000000e+00 4.991270503509957490e-01
9.599999999999999645e-01 2.061010244425127425e-01
1.919999999999999929e+00 1.241173146157446838e-01
2.879999999999999893e+00 9.421282706072123259e-02
3.839999999999999858e+00 7.992755691094431680e-02
4.799999999999999822e+00 7.129958606766401141e-02
5.759999999999999787e+00 6.515373746955835377e-02
6.719999999999999751e+00 6.031954440263584405e-02
7.679999999999999716e+00 5.629844094507034657e-02
8.640000000000000568e+00 5.284531658477731320e-02
9.599999999999999645e+00 4.982243787445236188e-02
1.056000000000000050e+01 4.714311015767746332e-02
1.151999999999999957e+01 4.474772261859878697e-02
1.248000000000000043e+01 4.259253219506891480e-02
1.343999999999999950e+01 4.064390166410753596e-02
1.440000000000000036e+01 3.887507629877697685e-02
1.535999999999999943e+01 3.726424097982994343e-02
1.632000000000000028e+01 3.579327311273437090e-02
1.728000000000000114e+01 3.444689958046936312e-02
1.823999999999999844e+01 3.321210214262723670e-02
1.919999999999999929e+01 3.207768321953890361e-02
2.016000000000000014e+01 3.103393955507436838e-02
2.112000000000000099e+01 3.007241101409581507e-02
2.207999999999999829e+01 2.918568329225550845e-02
2.303999999999999915e+01 2.836723031804135389e-02
2.400000000000000000e+01 2.761128653853710258e-02
2.496000000000000085e+01 2.691274214836697834e-02
2.592000000000000171e+01 2.626705623804623593e-02
2.687999999999999901e+01 2.567018415089447267e-02
2.783999999999999986e+01 2.511851625717272107e-02
2.880000000000000071e+01 2.460882601119297394e-02
2.976000000000000156e+01 2.413822563546043354e-02
3.071999999999999886e+01 2.370412813004466393e-02
3.167999999999999972e+01 2.330421457170865976e-02
3.264000000000000057e+01 2.293640587053880769e-02
3.360000000000000142e+01 2.259883830895757784e-02
3.456000000000000227e+01 2.228984231102398850e-02
3.552000000000000313e+01 2.200792398735372871e-02
3.647999999999999687e+01 2.175174907897866466e-02
3.743999999999999773e+01 2.152012898652449699e-02
3.839999999999999858e+01 2.131200862256323048e-02
3.935999999999999943e+01 2.112645586740914336e-02
4.032000000000000028e+01 2.096265244388658203e-02
4.128000000000000114e+01 2.081988605617748206e-02
4.224000000000000199e+01 2.069754366290254416e-02
4.320000000000000284e+01 2.059510577600646292e-02
4.415999999999999659e+01 2.051214169552493041e-02
4.511999999999999744e+01 2.044830560649247772e-02
4.607999999999999829e+01 2.040333347858393903e-02
4.703999999999999915e+01 2.037704072196715871e-02
4.800000000000000000e+01 2.036932056462000332e-02
4.896000000000000085e+01 2.038014312732641664e-02
4.992000000000000171e+01 2.040955518297717444e-02
5.088000000000000256e+01 2.045768059690480575e-02
5.184000000000000341e+01 2.052472145500930378e-02
5.279999999999999716e+01 2.061095989660965966e-02
5.375999999999999801e+01 2.071676067951901470e-02
5.471999999999999886e+01 2.084257451603458225e-02
5.567999999999999972e+01 2.098894223062666015e-02
5.664000000000000057e+01 2.115649980340747471e-02
5.760000000000000142e+01 2.134598437830895548e-02
5.856000000000000227e+01 2.155824133171113308e-02
5.952000000000000313e+01 2.179423251653242466e-02
6.047999999999999687e+01 2.205504581912167555e-02
6.143999999999999773e+01 2.234190619242229156e-02
6.239999999999999858e+01 2.265618835974092179e-02
6.335999999999999943e+01 2.299943142022486606e-02
6.431999999999999318e+01 2.337335563134255653e-02
6.528000000000000114e+01 2.377988169722585268e-02
6.623999999999999488e+01 2.422115295723670583e-02
6.720000000000000284e+01 2.469956094996840143e-02
6.815999999999999659e+01 2.521777492865891201e-02
6.912000000000000455e+01 2.577877603091161679e-02
7.007999999999999829e+01 2.638589696728822417e-02
7.104000000000000625e+01 2.704286830180785764e-02
7.200000000000000000e+01 2.775387266978924725e-02
7.295999999999999375e+01 2.852360863958042572e-02
7.392000000000000171e+01 2.935736641096917121e-02
7.487999999999999545e+01 3.026111820907441755e-02
7.584000000000000341e+01 3.124162716183508104e-02
7.679999999999999716e+01 3.230657977255340513e-02
7.776000000000000512e+01 3.346474902598087914e-02
7.871999999999999886e+01 3.472619804302662372e-02
7.968000000000000682e+01 3.610253861433746631e-02
8.064000000000000057e+01 3.760726593690574132e-02
8.159999999999999432e+01 3.925620236462570162e-02
8.256000000000000227e+01 4.106810265249561526e-02
8.351999999999999602e+01 4.306550850627518384e-02
8.448000000000000398e+01 4.527600726620054777e-02
8.543999999999999773e+01 4.773418456863097459e-02
8.640000000000000568e+01 5.048485104401750218e-02
8.735999999999999943e+01 5.358879042621258332e-02
8.831999999999999318e+01 5.713391961336635599e-02
8.928000000000000114e+01 6.125908673390546844e-02
9.023999999999999488e+01 6.621001393411200808e-02
9.120000000000000284e+01 7.248441742861286285e-02
9.215999999999999659e+01 8.124817322341298942e-02
9.312000000000000455e+01 9.566281995658511283e-02
9.407999999999999829e+01 1.256561945569672489e-01
9.504000000000000625e+01 2.076195189066572799e-01
