0.000000000000000000e+00 4.999385521160547019e-01
3.200000000000000067e-01 4.347372355370849317e-01
6.400000000000000133e-01 3.817889034550047134e-01
9.599999999999999645e-01 3.383143622165301623e-01
1.280000000000000027e+00 3.022660415651897692e-01
1.600000000000000089e+00 2.721078383847458926e-01
1.919999999999999929e+00 2.466702875299426612e-01
2.240000000000000213e+00 2.250517866764420172e-01
2.560000000000000053e+00 2.065495529204464109e-01
2.879999999999999893e+00 1.906103927309026613e-01
3.200000000000000178e+00 1.767950027563143789e-01
3.520000000000000018e+00 1.647517025694727189e-01
3.839999999999999858e+00 1.541968595736694370e-01
4.160000000000000142e+00 1.449001362036596852e-01
4.480000000000000426e+00 1.366732596853511283e-01
4.799999999999999822e+00 1.293613961520937439e-01
5.120000000000000107e+00 1.228364710397295972e-01
5.440000000000000391e+00 1.169919580214347082e-01
5.759999999999999787e+00 1.117387856617016867e-01
6.080000000000000071e+00 1.070021015061662917e-01
6.400000000000000355e+00 1.027186986988549156e-01
6.719999999999999751e+00 9.883495794381637334e-02
7.040000000000000036e+00 9.530519281502367046e-02
7.360000000000000320e+00 9.209031259430702776e-02
7.679999999999999716e+00 8.915673644875732329e-02
8.000000000000000000e+00 8.647550759260225206e-02
8.320000000000000284e+00 8.402156736361340861e-02
8.640000000000000568e+00 8.177315778398774881e-02
8.960000000000000853e+00 7.971132782940072714e-02
9.279999999999999361e+00 7.781952378241660528e-02
9.599999999999999645e+00 7.608324805714343497e-02
9.919999999999999929e+00 7.448977401934907261e-02
1.024000000000000021e+01 7.302790679194087753e-02
1.056000000000000050e+01 7.168778198229444620e-02
1.088000000000000078e+01 7.046069581138950100e-02
1.120000000000000107e+01 6.933896135375303138e-02
1.151999999999999957e+01 6.831578657995156234e-02
1.183999999999999986e+01 6.738517068241714481e-02
1.216000000000000014e+01 6.654181580152522535e-02
1.248000000000000043e+01 6.578105178384441309e-02
1.280000000000000071e+01 6.509877202320926703e-02
1.312000000000000099e+01 6.449137877726009160e-02
1.343999999999999950e+01 6.395573663276758747e-02
1.375999999999999979e+01 6.348913302463506103e-02
1.408000000000000007e+01 6.308924490568627863e-02
1.440000000000000036e+01 6.275411082500378934e-02
1.472000000000000064e+01 6.248210780796760455e-02
1.504000000000000092e+01 6.227193254636777253e-02
1.535999999999999943e+01 6.212258650621245437e-02
1.567999999999999972e+01 6.203336464760272895e-02
1.600000000000000000e+01 6.200384752822264700e-02
1.632000000000000028e+01 6.203389663211774513e-02
1.664000000000000057e+01 6.212365283072017463e-02
1.696000000000000085e+01 6.227353794554387617e-02
1.728000000000000114e+01 6.248425944350981254e-02
1.760000000000000142e+01 6.275681835833374356e-02
1.792000000000000171e+01 6.309252059670825141e-02
1.824000000000000199e+01 6.349299185815703017e-02
1.855999999999999872e+01 6.396019647464541713e-02
1.887999999999999901e+01 6.449646056281702067e-02
1.919999999999999929e+01 6.510449998101694447e-02
1.951999999999999957e+01 6.578745369853558622e-02
1.983999999999999986e+01 6.654892331994616272e-02
2.016000000000000014e+01 6.739301966812542843e-02
2.048000000000000043e+01 6.832441752182009942e-02
2.080000000000000071e+01 6.934841983525330544e-02
2.112000000000000099e+01 7.047103304798203738e-02
2.144000000000000128e+01 7.169905543523312497e-02
2.176000000000000156e+01 7.304018086766106421e-02
2.208000000000000185e+01 7.450312086439780934e-02
2.240000000000000213e+01 7.609774845922998021e-02
2.271999999999999886e+01 7.783526818847222306e-02
2.303999999999999915e+01 7.972841749133052769e-02
2.335999999999999943e+01 8.179170604177227188e-02
2.367999999999999972e+01 8.404170107314154481e-02
2.400000000000000000e+01 8.649736870146949863e-02
2.432000000000000028e+01 8.918048371637916916e-02
2.464000000000000057e+01 9.211612344185517165e-02
2.496000000000000085e+01 9.533326527420829533e-02
2.528000000000000114e+01 9.886551264908664816e-02
2.560000000000000142e+01 1.027519808320086769e-01
2.592000000000000171e+01 1.070383825513867432e-01
2.624000000000000199e+01 1.117783647570173011e-01
2.656000000000000227e+01 1.170351625921683958e-01
2.687999999999999901e+01 1.228836562613623423e-01
2.719999999999999929e+01 1.294129426028718388e-01
2.751999999999999957e+01 1.367295683003357243e-01
2.783999999999999986e+01 1.449616193198156600e-01
2.816000000000000014e+01 1.542639264534569898e-01
2.848000000000000043e+01 1.648247373174751007e-01
2.880000000000000071e+01 1.768743320461901580e-01
2.912000000000000099e+01 1.906962403652358584e-01
2.944000000000000128e+01 2.066419782462627919e-01
2.976000000000000156e+01 2.251506048992362174e-01
3.008000000000000185e+01 2.467749732939089891e-01
3.040000000000000213e+01 2.722174222050095516e-01
3.071999999999999886e+01 3.023790269778865447e-01
3.103999999999999915e+01 3.384287301712133322e-01
3.135999999999999943e+01 3.819023502610903731e-01
3.167999999999999972e+01 4.348479541425768202e-01
3.200000000000000000e+01 5.000472056447652358e-01
3.232000000000000028e+01 5.813916564736152370e-01
3.264000000000000057e+01 6.855493987017732271e-01
3.296000000000000085e+01 8.918171190561045014e-01
