0.000000000000000000e+00 4.985420245890295754e-01
4.799999999999999822e-01 3.051309271041523496e-01
9.599999999999999645e-01 2.079852995712556940e-01
1.439999999999999947e+00 1.558469752301100131e-01
1.919999999999999929e+00 1.259613585118114776e-01
2.399999999999999911e+00 1.076547102707466619e-01
2.879999999999999893e+00 9.567509329746082258e-02
3.359999999999999876e+00 8.732253354053808037e-02
3.839999999999999858e+00 8.115074541169824129e-02
4.320000000000000284e+00 7.635408928122466854e-02
4.799999999999999822e+00 7.246654278968842067e-02
5.279999999999999361e+00 6.920843830885763104e-02
5.759999999999999787e+00 6.640576285867223760e-02
6.240000000000000213e+00 6.394630921754788921e-02
6.719999999999999751e+00 6.175513662250530639e-02
7.199999999999999289e+00 5.978044867769390092e-02
7.679999999999999716e+00 5.798524643830086506e-02
8.160000000000000142e+00 5.634226630141184189e-02
8.640000000000000568e+00 5.483083217242777641e-02
9.119999999999999218e+00 5.343484942989929626e-02
9.599999999999999645e+00 5.214149537974186593e-02
1.008000000000000007e+01 5.094034393804706268e-02
1.055999999999999872e+01 4.982276688284273392e-02
1.103999999999999915e+01 4.878151499583552320e-02
1.151999999999999957e+01 4.781041865085901288e-02
1.200000000000000000e+01 4.690416933677175881e-02
1.248000000000000043e+01 4.605815711462797613e-02
1.295999999999999908e+01 4.526834748018912502e-02
1.343999999999999950e+01 4.453118650535168449e-02
1.391999999999999993e+01 4.384352663595655897e-02
1.439999999999999858e+01 4.320256783393330163e-02
1.487999999999999901e+01 4.260581030032946359e-02
1.535999999999999943e+01 4.205101607045112072e-02
1.583999999999999986e+01 4.153617750194237707e-02
1.632000000000000028e+01 4.105949118907963741e-02
1.680000000000000071e+01 4.061933620180920718e-02
1.728000000000000114e+01 4.021425581210553296e-02
1.775999999999999801e+01 3.984294206372130526e-02
1.823999999999999844e+01 3.950422268504705930e-02
1.871999999999999886e+01 3.919704995277235177e-02
1.919999999999999929e+01 3.892049119617869979e-02
1.967999999999999972e+01 3.867372069510247035e-02
2.016000000000000014e+01 3.845601277380050753e-02
2.064000000000000057e+01 3.826673593167066040e-02
2.111999999999999744e+01 3.810534788260459133e-02
2.159999999999999787e+01 3.797139139958394943e-02
2.207999999999999829e+01 3.786449088139547808e-02
2.255999999999999872e+01 3.778434957511244557e-02
2.303999999999999915e+01 3.773074740209397815e-02
2.351999999999999957e+01 3.770353934733743778e-02
2.400000000000000000e+01 3.770265438259430557e-02
2.448000000000000043e+01 3.772809490314810166e-02
2.496000000000000085e+01 3.777993666690807745e-02
2.543999999999999773e+01 3.785832923280559731e-02
2.591999999999999815e+01 3.796349690367824964e-02
2.639999999999999858e+01 3.809574018716758992e-02
2.687999999999999901e+01 3.825543779692697210e-02
2.735999999999999943e+01 3.844304922594515839e-02
2.783999999999999986e+01 3.865911793439291699e-02
2.832000000000000028e+01 3.890427520651077581e-02
2.879999999999999716e+01 3.917924474518573452e-02
2.927999999999999758e+01 3.948484808965429388e-02
2.975999999999999801e+01 3.982201096203478313e-02
3.023999999999999844e+01 4.019177067319925495e-02
3.071999999999999886e+01 4.059528474924853358e-02
3.119999999999999929e+01 4.103384097843229550e-02
3.167999999999999972e+01 4.150886912730385181e-02
3.215999999999999659e+01 4.202195463770379280e-02
3.264000000000000057e+01 4.257485469766787711e-02
3.311999999999999744e+01 4.316951718634752522e-02
3.360000000000000142e+01 4.380810313518816723e-02
3.407999999999999829e+01 4.449301353886075949e-02
3.456000000000000227e+01 4.522692161013081025e-02
3.503999999999999915e+01 4.601281193308093959e-02
3.551999999999999602e+01 4.685402847405097104e-02
3.600000000000000000e+01 4.775433412804427902e-02
3.647999999999999687e+01 4.871798551622319451e-02
3.696000000000000085e+01 4.974982827347444736e-02
3.743999999999999773e+01 5.085542033749460011e-02
3.792000000000000171e+01 5.204119419728472917e-02
3.839999999999999858e+01 5.331467437434952994e-02
3.887999999999999545e+01 5.468477474866631494e-02
3.935999999999999943e+01 5.616221365143390237e-02
3.983999999999999631e+01 5.776010626826319494e-02
4.032000000000000028e+01 5.949482965727553169e-02
4.079999999999999716e+01 6.138731593628604655e-02
4.128000000000000114e+01 6.346503266648806374e-02
4.175999999999999801e+01 6.576509076464104320e-02
4.223999999999999488e+01 6.833924474625811818e-02
4.271999999999999886e+01 7.126214399002928079e-02
4.319999999999999574e+01 7.464530715917580550e-02
4.367999999999999972e+01 7.866143395063396326e-02
4.415999999999999659e+01 8.358790481148330176e-02
4.464000000000000057e+01 8.988695065401255957e-02
4.511999999999999744e+01 9.835812910210812998e-02
4.560000000000000142e+01 1.104382541507784032e-01
4.607999999999999829e+01 1.288131343386363925e-01
4.655999999999999517e+01 1.587151513106747902e-01
4.703999999999999915e+01 2.107964348695528511e-01
4.751999999999999602e+01 3.078079995166852489e-01
4.800000000000000000e+01 5.011055429740534084e-01
4.847999999999999687e+01 9.192488826729047213e-01
4.896000000000000085e+01 3.719505422571985243e+00
