0.000000000000000000e+00 4.979190940451712066e-01
1.120000000000000107e+00 9.940692166424854037e-02
2.240000000000000213e+00 3.370819303204546091e-02
3.360000000000000320e+00 1.869131927016096789e-02
4.480000000000000426e+00 1.416605173432037082e-02
5.600000000000000533e+00 1.243423017124314911e-02
6.720000000000000639e+00 1.161630156027941563e-02
7.840000000000000746e+00 1.115558439450304272e-02
8.960000000000000853e+00 1.085867587448163460e-02
1.008000000000000185e+01 1.064820103320994124e-02
1.120000000000000107e+01 1.048894572296249147e-02
1.232000000000000028e+01 1.036292567793692561e-02
1.344000000000000128e+01 1.026001134802199607e-02
1.456000000000000227e+01 1.017402817474181986e-02
1.568000000000000149e+01 1.010097267697910965e-02
1.680000000000000071e+01 1.003812191707023280e-02
1.792000000000000171e+01 9.983553339597522891e-03
1.904000000000000270e+01 9.935868393659908968e-03
2.016000000000000369e+01 9.894024630060976877e-03
2.128000000000000114e+01 9.857229099075302120e-03
2.240000000000000213e+01 9.824868176400311515e-03
2.352000000000000313e+01 9.796459961720871759e-03
2.464000000000000057e+01 9.771621160705965328e-03
2.576000000000000156e+01 9.750043536977974143e-03
2.688000000000000256e+01 9.731476847994247059e-03
2.800000000000000355e+01 9.715716270503138227e-03
2.912000000000000455e+01 9.702592994702777945e-03
3.024000000000000199e+01 9.691967093302070180e-03
3.136000000000000298e+01 9.683722049079272406e-03
3.248000000000000398e+01 9.677760508551862609e-03
3.360000000000000142e+01 9.674000953758464874e-03
3.472000000000000597e+01 9.672375069664927022e-03
3.584000000000000341e+01 9.672825644401382428e-03
3.696000000000000085e+01 9.675304881798640205e-03
3.808000000000000540e+01 9.679773036002764161e-03
3.920000000000000284e+01 9.686197299947948980e-03
4.032000000000000739e+01 9.694550895619021350e-03
4.144000000000000483e+01 9.704812326016746746e-03
4.256000000000000227e+01 9.716964757717152720e-03
4.368000000000000682e+01 9.730995509707351943e-03
4.480000000000000426e+01 9.746895629364682109e-03
4.592000000000000171e+01 9.764659540438371324e-03
4.704000000000000625e+01 9.784284750994536387e-03
4.816000000000000369e+01 9.805771611716177297e-03
4.928000000000000114e+01 9.829123116871816418e-03
5.040000000000000568e+01 9.854344741801458057e-03
5.152000000000000313e+01 9.881444312006913006e-03
5.264000000000000767e+01 9.910431899945263204e-03
5.376000000000000512e+01 9.941319746462541629e-03
5.488000000000000256e+01 9.974122204511270962e-03
5.600000000000000711e+01 1.000885570340401785e-02
5.712000000000000455e+01 1.004553873239230448e-02
5.824000000000000909e+01 1.008419184284926884e-02
5.936000000000000654e+01 1.012483766879516273e-02
6.048000000000000398e+01 1.016750096595565173e-02
6.160000000000000853e+01 1.021220867000142626e-02
6.272000000000000597e+01 1.025898997510248274e-02
6.384000000000000341e+01 1.030787643446118632e-02
6.496000000000000796e+01 1.035890208508723556e-02
6.608000000000001251e+01 1.041210359977221868e-02
6.720000000000000284e+01 1.046752047004358317e-02
6.832000000000000739e+01 1.052519522486917818e-02
6.944000000000001194e+01 1.058517369109585569e-02
7.056000000000000227e+01 1.064750530310726827e-02
7.168000000000000682e+01 1.071224347106599500e-02
7.280000000000001137e+01 1.077944601948149089e-02
7.392000000000000171e+01 1.084917571087735087e-02
7.504000000000000625e+01 1.092150087323357117e-02
7.616000000000001080e+01 1.099649615494564109e-02
7.728000000000000114e+01 1.107424343767877614e-02
7.840000000000000568e+01 1.115483294626810028e-02
7.952000000000001023e+01 1.123836460652294887e-02
8.064000000000001478e+01 1.132494971757424564e-02
8.176000000000000512e+01 1.141471302690209855e-02
8.288000000000000966e+01 1.150779532579899837e-02
8.400000000000001421e+01 1.160435672432545869e-02
8.512000000000000455e+01 1.170458082316049031e-02
8.624000000000000909e+01 1.180868008334001046e-02
8.736000000000001364e+01 1.191690281648779236e-02
8.848000000000000398e+01 1.202954239807750222e-02
8.960000000000000853e+01 1.214694957752203951e-02
9.072000000000001307e+01 1.226954917649535244e-02
9.184000000000000341e+01 1.239786312532327808e-02
9.296000000000000796e+01 1.253254285423819649e-02
9.408000000000001251e+01 1.267441584116434268e-02
9.520000000000000284e+01 1.282455421689087521e-02
9.632000000000000739e+01 1.298437895006586927e-02
9.744000000000001194e+01 1.315582386288014632e-02
9.856000000000000227e+01 1.334160542707930018e-02
9.968000000000000682e+01 1.354569110486944679e-02
1.008000000000000114e+02 1.377416727961269446e-02
1.019200000000000159e+02 1.403697718709024343e-02
1.030400000000000063e+02 1.435172163018781817e-02
1.041600000000000108e+02 1.475281019181922705e-02
1.052800000000000153e+02 1.531586376966156959e-02
1.064000000000000057e+02 1.623028596243526051e-02
1.075200000000000102e+02 1.804320292171626011e-02
1.086400000000000148e+02 2.261013566434039168e-02
1.097600000000000051e+02 3.756535273785996387e-02
1.108800000000000097e+02 1.029322654592981084e-01
1.120000000000000142e+02 5.008261864226445370e-01
