0.000000000000000000e+00 4.990479558544230754e-01
1.280000000000000027e+00 7.601975558143860001e-02
2.560000000000000053e+00 2.071393462615350733e-02
3.839999999999999858e+00 1.006281582382718282e-02
5.120000000000000107e+00 7.278722012327616848e-03
6.400000000000000355e+00 6.339307877447926572e-03
7.679999999999999716e+00 5.939141986806589779e-03
8.960000000000000853e+00 5.729997438150974398e-03
1.024000000000000021e+01 5.602105681113312904e-03
1.151999999999999957e+01 5.515120229185595940e-03
1.280000000000000071e+01 5.451808180168515351e-03
1.408000000000000007e+01 5.403696846425766649e-03
1.535999999999999943e+01 5.366090815849724159e-03
1.664000000000000057e+01 5.336134716450700172e-03
1.792000000000000171e+01 5.311969439969735710e-03
1.919999999999999929e+01 5.292322801628657029e-03
2.048000000000000043e+01 5.276291313912232807e-03
2.176000000000000156e+01 5.263214554645849648e-03
2.303999999999999915e+01 5.252598375160692258e-03
2.432000000000000028e+01 5.244065743645507163e-03
2.560000000000000142e+01 5.237324123496394333e-03
2.687999999999999901e+01 5.232143189546915353e-03
2.816000000000000014e+01 5.228339237548066537e-03
2.944000000000000128e+01 5.225764052195650509e-03
3.071999999999999886e+01 5.224296816552637807e-03
3.200000000000000000e+01 5.223838138860553877e-03
3.328000000000000114e+01 5.224305579986369096e-03
3.456000000000000227e+01 5.225630261425475223e-03
3.584000000000000341e+01 5.227754262604976214e-03
3.711999999999999744e+01 5.230628602317891063e-03
3.839999999999999858e+01 5.234211657673032252e-03
3.967999999999999972e+01 5.238467914409942854e-03
4.096000000000000085e+01 5.243366970797347197e-03
4.224000000000000199e+01 5.248882737486543909e-03
4.352000000000000313e+01 5.254992790182628527e-03
4.479999999999999716e+01 5.261677842535093103e-03
4.607999999999999829e+01 5.268921314394619908e-03
4.735999999999999943e+01 5.276708976331839773e-03
4.864000000000000057e+01 5.285028655621169975e-03
4.992000000000000171e+01 5.293869992149017982e-03
5.120000000000000284e+01 5.303224235188470741e-03
5.247999999999999687e+01 5.313084073891609013e-03
5.375999999999999801e+01 5.323443495830731259e-03
5.503999999999999915e+01 5.334297669077035960e-03
5.632000000000000028e+01 5.345642844218088940e-03
5.760000000000000142e+01 5.357476273442200211e-03
5.888000000000000256e+01 5.369796144402544207e-03
6.015999999999999659e+01 5.382601527050082275e-03
6.143999999999999773e+01 5.395892332017751189e-03
6.271999999999999886e+01 5.409669279469083054e-03
6.400000000000000000e+01 5.423933877608476915e-03
6.528000000000000114e+01 5.438688410300644704e-03
6.656000000000000227e+01 5.453935933474289219e-03
6.784000000000000341e+01 5.469680280199346566e-03
6.912000000000000455e+01 5.485926074536839718e-03
7.040000000000000568e+01 5.502678754474045301e-03
7.168000000000000682e+01 5.519944604483934848e-03
7.295999999999999375e+01 5.537730798496193034e-03
7.423999999999999488e+01 5.556045454348314955e-03
7.551999999999999602e+01 5.574897701112241713e-03
7.679999999999999716e+01 5.594297761080409444e-03
7.807999999999999829e+01 5.614257048664859570e-03
7.935999999999999943e+01 5.634788289039536179e-03
8.064000000000000057e+01 5.655905660072097808e-03
8.192000000000000171e+01 5.677624961990856804e-03
8.320000000000000284e+01 5.699963820372414697e-03
8.448000000000000398e+01 5.722941929493603232e-03
8.576000000000000512e+01 5.746581344971891936e-03
8.704000000000000625e+01 5.770906837064587042e-03
8.831999999999999318e+01 5.795946319205842051e-03
8.959999999999999432e+01 5.821731370606070266e-03
9.087999999999999545e+01 5.848297877406475297e-03
9.215999999999999659e+01 5.875686824520279933e-03
9.343999999999999773e+01 5.903945280689815861e-03
9.471999999999999886e+01 5.933127633591450852e-03
9.600000000000000000e+01 5.963297151718748891e-03
9.728000000000000114e+01 5.994527977796056291e-03
9.856000000000000227e+01 6.026907698459389034e-03
9.984000000000000341e+01 6.060540692822260177e-03
1.011200000000000045e+02 6.095552547667797139e-03
1.024000000000000057e+02 6.132095954423838306e-03
1.036800000000000068e+02 6.170358697631116857e-03
1.049599999999999937e+02 6.210574648553918858e-03
1.062399999999999949e+02 6.253039165307765039e-03
1.075199999999999960e+02 6.298131109040826063e-03
1.087999999999999972e+02 6.346345078268023771e-03
1.100799999999999983e+02 6.398339981446285636e-03
1.113599999999999994e+02 6.455014897404275261e-03
1.126400000000000006e+02 6.517633110829282490e-03
1.139200000000000017e+02 6.588037358869459903e-03
1.152000000000000028e+02 6.669053090471339061e-03
1.164800000000000040e+02 6.765318767513016883e-03
1.177600000000000051e+02 6.885191155149515338e-03
1.190400000000000063e+02 7.045648584974562555e-03
1.203199999999999932e+02 7.286438052836318770e-03
1.215999999999999943e+02 7.715833451950006132e-03
1.228799999999999955e+02 8.678156754587964400e-03
1.241599999999999966e+02 1.146814947943574844e-02
1.254399999999999977e+02 2.207707261438457760e-02
1.267199999999999989e+02 7.719931776838270809e-02
