0.000000000000000000e+00 4.978109541974553576e-01
1.439999999999999947e+00 6.865202146549172213e-02
2.879999999999999893e+00 2.264796918946533621e-02
4.320000000000000284e+00 1.438428025469332822e-02
5.759999999999999787e+00 1.211828249427450779e-02
7.199999999999999289e+00 1.122801167434575587e-02
8.640000000000000568e+00 1.076301623614948563e-02
1.008000000000000007e+01 1.046787010678757596e-02
1.151999999999999957e+01 1.025625071046552816e-02
1.295999999999999908e+01 1.009253009051032379e-02
1.439999999999999858e+01 9.959405212946808791e-03
1.583999999999999986e+01 9.847380216335785419e-03
1.728000000000000114e+01 9.750763610141618618e-03
1.871999999999999886e+01 9.665918966586630953e-03
2.016000000000000014e+01 9.590408832166918626e-03
2.159999999999999787e+01 9.522537116066863774e-03
2.303999999999999915e+01 9.461087328408786246e-03
2.448000000000000043e+01 9.405164748182426315e-03
2.591999999999999815e+01 9.354097168072899801e-03
2.735999999999999943e+01 9.307370279398175308e-03
2.879999999999999716e+01 9.264584362048123439e-03
3.023999999999999844e+01 9.225424516342678113e-03
3.167999999999999972e+01 9.189639748916919246e-03
3.311999999999999744e+01 9.157027992074521366e-03
3.456000000000000227e+01 9.127425187135603663e-03
3.600000000000000000e+01 9.100697206156881103e-03
3.743999999999999773e+01 9.076733791160180795e-03
3.887999999999999545e+01 9.055443950400589651e-03
4.032000000000000028e+01 9.036752422246607797e-03
4.175999999999999801e+01 9.020596931736303212e-03
4.319999999999999574e+01 9.006926042848299729e-03
4.464000000000000057e+01 8.995697463482426465e-03
4.607999999999999829e+01 8.986876698032990329e-03
4.751999999999999602e+01 8.980435969407164071e-03
4.896000000000000085e+01 8.976353351782775936e-03
5.039999999999999858e+01 8.974612069580492277e-03
5.183999999999999631e+01 8.975199928583098979e-03
5.328000000000000114e+01 8.978108852926108482e-03
5.471999999999999886e+01 8.983334507545124789e-03
5.615999999999999659e+01 8.990875990114773758e-03
5.759999999999999432e+01 9.000735579920881441e-03
5.903999999999999915e+01 9.012918533737640861e-03
6.047999999999999687e+01 9.027432920828692975e-03
6.191999999999999460e+01 9.044289490796917491e-03
6.335999999999999943e+01 9.063501569278280615e-03
6.479999999999999716e+01 9.085084977488670083e-03
6.623999999999999488e+01 9.109057972449621093e-03
6.767999999999999261e+01 9.135441205384226340e-03
6.912000000000000455e+01 9.164257696324038666e-03
7.056000000000000227e+01 9.195532823428999650e-03
7.200000000000000000e+01 9.229294325917352868e-03
7.343999999999999773e+01 9.265572319849504218e-03
7.487999999999999545e+01 9.304399326323552905e-03
7.631999999999999318e+01 9.345810311934980852e-03
7.775999999999999091e+01 9.389842741639706919e-03
7.920000000000000284e+01 9.436536644451596831e-03
8.064000000000000057e+01 9.485934692713512972e-03
8.207999999999999829e+01 9.538082296019087525e-03
8.351999999999999602e+01 9.593027711245028649e-03
8.495999999999999375e+01 9.650822170598878647e-03
8.639999999999999147e+01 9.711520030116268382e-03
8.784000000000000341e+01 9.775178941681733277e-03
8.928000000000000114e+01 9.841860052432770817e-03
9.071999999999999886e+01 9.911628236382084498e-03
9.215999999999999659e+01 9.984552364316572406e-03
9.359999999999999432e+01 1.006070561957998592e-02
9.503999999999999204e+01 1.014016586932287370e-02
9.647999999999998977e+01 1.022301610334596864e-02
9.792000000000000171e+01 1.030934495596165686e-02
9.935999999999999943e+01 1.039924733061058267e-02
1.007999999999999972e+02 1.049282515265839363e-02
1.022399999999999949e+02 1.059018828336559352e-02
1.036799999999999926e+02 1.069145563819006751e-02
1.051199999999999903e+02 1.079675656637757442e-02
1.065600000000000023e+02 1.090623256771997181e-02
1.080000000000000000e+02 1.102003944862571180e-02
1.094399999999999977e+02 1.113835005655873858e-02
1.108799999999999955e+02 1.126135778448486557e-02
1.123199999999999932e+02 1.138928111297702987e-02
1.137599999999999909e+02 1.152236956927321469e-02
1.151999999999999886e+02 1.166091164941509065e-02
1.166400000000000006e+02 1.180524550366889892e-02
1.180799999999999983e+02 1.195577358050018205e-02
1.195199999999999960e+02 1.211298305304419828e-02
1.209599999999999937e+02 1.227747487866645386e-02
1.223999999999999915e+02 1.245000606892593224e-02
1.238399999999999892e+02 1.263155275211268018e-02
1.252800000000000011e+02 1.282340705434024085e-02
1.267199999999999989e+02 1.302733117766594929e-02
1.281599999999999966e+02 1.324581294704312191e-02
1.295999999999999943e+02 1.348251247207973326e-02
1.310399999999999920e+02 1.374309730738266892e-02
1.324799999999999898e+02 1.403694761027566261e-02
1.339199999999999875e+02 1.438105525511629117e-02
1.353599999999999852e+02 1.481027176669414726e-02
1.367999999999999829e+02 1.540891142257155844e-02
1.382400000000000091e+02 1.642681873887614011e-02
1.396800000000000068e+02 1.879764129787945062e-02
1.411200000000000045e+02 2.708819570320794567e-02
1.425600000000000023e+02 7.284638857119472843e-02
1.440000000000000000e+02 5.012494601339312350e-01
