0.000000000000000000e+00 4.984558896293363461e-01
1.600000000000000089e+00 1.447240138107006302e-01
3.200000000000000178e+00 9.020891757213272966e-02
4.800000000000000711e+00 7.224556680810448328e-02
6.400000000000000355e+00 6.220787494661678824e-02
8.000000000000000000e+00 5.508076268569856576e-02
9.600000000000001421e+00 4.951095687468549944e-02
1.120000000000000107e+01 4.496402261412576346e-02
1.280000000000000071e+01 4.116149283110428353e-02
1.440000000000000036e+01 3.793123927476393237e-02
1.600000000000000000e+01 3.515563431254112303e-02
1.760000000000000142e+01 3.274922578445695065e-02
1.920000000000000284e+01 3.064741892036391968e-02
2.080000000000000071e+01 2.880002425800873289e-02
2.240000000000000213e+01 2.716725467565480473e-02
2.400000000000000000e+01 2.571708223279322789e-02
2.560000000000000142e+01 2.442340920384052788e-02
2.720000000000000284e+01 2.326475632728277482e-02
2.880000000000000071e+01 2.222329543062900870e-02
3.040000000000000213e+01 2.128412015446063191e-02
3.200000000000000000e+01 2.043468637737168303e-02
3.360000000000000142e+01 1.966437661547490098e-02
3.520000000000000284e+01 1.896415684082900302e-02
3.680000000000000426e+01 1.832630335656663945e-02
3.840000000000000568e+01 1.774418352517773481e-02
4.000000000000000000e+01 1.721207838732761314e-02
4.160000000000000142e+01 1.672503819880674647e-02
4.320000000000000284e+01 1.627876406479860857e-02
4.480000000000000426e+01 1.586951042606296602e-02
4.640000000000000568e+01 1.549400432264633719e-02
4.800000000000000000e+01 1.514937824257280019e-02
4.960000000000000142e+01 1.483311403463029657e-02
5.120000000000000284e+01 1.454299588106919283e-02
5.280000000000000426e+01 1.427707072704531913e-02
5.440000000000000568e+01 1.403361487733432653e-02
5.600000000000000000e+01 1.381110571798661694e-02
5.760000000000000142e+01 1.360819771657448968e-02
5.920000000000000284e+01 1.342370201103786423e-02
6.080000000000000426e+01 1.325656902258611457e-02
6.240000000000000568e+01 1.310587362932088239e-02
6.400000000000000000e+01 1.297080251933080582e-02
6.560000000000000853e+01 1.285064340894637343e-02
6.720000000000000284e+01 1.274477586673085187e-02
6.879999999999999716e+01 1.265266352905905847e-02
7.040000000000000568e+01 1.257384753072737088e-02
7.200000000000000000e+01 1.250794100548276687e-02
7.360000000000000853e+01 1.245462453789052126e-02
7.520000000000000284e+01 1.241364247057961424e-02
7.680000000000001137e+01 1.238479999043138810e-02
7.840000000000000568e+01 1.236796093439079466e-02
8.000000000000000000e+01 1.236304627085477517e-02
8.160000000000000853e+01 1.237003322652312394e-02
8.320000000000000284e+01 1.238895504162246600e-02
8.480000000000001137e+01 1.241990134893288314e-02
8.640000000000000568e+01 1.246301918443931331e-02
8.800000000000000000e+01 1.251851465007054742e-02
8.960000000000000853e+01 1.258665526226278308e-02
9.120000000000000284e+01 1.266777303440526879e-02
9.280000000000001137e+01 1.276226835704958977e-02
9.440000000000000568e+01 1.287061475761506514e-02
9.600000000000000000e+01 1.299336464181203438e-02
9.760000000000000853e+01 1.313115614286390100e-02
9.920000000000000284e+01 1.328472123272246910e-02
1.008000000000000114e+02 1.345489528292701832e-02
1.024000000000000057e+02 1.364262830290025041e-02
1.040000000000000000e+02 1.384899813198568405e-02
1.056000000000000085e+02 1.407522592052549634e-02
1.072000000000000028e+02 1.432269430743261102e-02
1.088000000000000114e+02 1.459296879043893783e-02
1.104000000000000057e+02 1.488782289487833831e-02
1.120000000000000000e+02 1.520926788313810459e-02
1.136000000000000085e+02 1.555958791712728877e-02
1.152000000000000028e+02 1.594138179988054127e-02
1.168000000000000114e+02 1.635761269243408630e-02
1.184000000000000057e+02 1.681166754528612764e-02
1.200000000000000000e+02 1.730742842284064067e-02
1.216000000000000085e+02 1.784935846519570407e-02
1.232000000000000028e+02 1.844260596715780950e-02
1.248000000000000114e+02 1.909313101913272942e-02
1.264000000000000057e+02 1.980786043342176381e-02
1.280000000000000000e+02 2.059487839535911052e-02
1.295999999999999943e+02 2.146366261351949356e-02
1.312000000000000171e+02 2.242537897249913259e-02
1.328000000000000114e+02 2.349325224464397094e-02
1.344000000000000057e+02 2.468303698241047783e-02
1.360000000000000000e+02 2.601362243505168925e-02
1.375999999999999943e+02 2.750782018704542309e-02
1.392000000000000171e+02 2.919340675988233227e-02
1.408000000000000114e+02 3.110453238523824132e-02
1.424000000000000057e+02 3.328367500835322651e-02
1.440000000000000000e+02 3.578444404742212037e-02
1.455999999999999943e+02 3.867578782056078912e-02
1.472000000000000171e+02 4.204870024453782884e-02
1.488000000000000114e+02 4.602783762389082989e-02
1.504000000000000057e+02 5.079412967635025394e-02
1.520000000000000000e+02 5.663663511683058455e-02
1.536000000000000227e+02 6.410087138699030462e-02
1.552000000000000171e+02 7.454475515365265037e-02
1.568000000000000114e+02 9.295095622584889639e-02
1.584000000000000057e+02 1.477522689209274653e-01
1.600000000000000000e+02 5.011916412620838202e-01
