0.000000000000000000e+00 4.991404516864523244e-01
6.400000000000000133e-01 2.638006175168491341e-01
1.280000000000000027e+00 1.677745845516728784e-01
1.919999999999999929e+00 1.238842011939837034e-01
2.560000000000000053e+00 1.013411593663272603e-01
3.200000000000000178e+00 8.830423636280897159e-02
3.839999999999999858e+00 7.986292480808991623e-02
4.480000000000000426e+00 7.383509572279631228e-02
5.120000000000000107e+00 6.918576805410821262e-02
5.759999999999999787e+00 6.539204987504834699e-02
6.400000000000000355e+00 6.217267346670329875e-02
7.040000000000000036e+00 5.936652173058563214e-02
7.679999999999999716e+00 5.687534749070808499e-02
8.320000000000000284e+00 5.463550393424087409e-02
8.960000000000000853e+00 5.260337072588724266e-02
9.599999999999999645e+00 5.074751305556145925e-02
1.024000000000000021e+01 4.904428064807066223e-02
1.088000000000000078e+01 4.747523129176848405e-02
1.151999999999999957e+01 4.602555846115601729e-02
1.216000000000000014e+01 4.468309218165536500e-02
1.280000000000000071e+01 4.343763929932303869e-02
1.343999999999999950e+01 4.228053202768050634e-02
1.408000000000000007e+01 4.120430880965044590e-02
1.472000000000000064e+01 4.020248205176252254e-02
1.535999999999999943e+01 3.926936467662413971e-02
1.600000000000000000e+01 3.839993764162409617e-02
1.664000000000000057e+01 3.758974673259776050e-02
1.728000000000000114e+01 3.683482076763905377e-02
1.792000000000000171e+01 3.613160578792849048e-02
1.855999999999999872e+01 3.547691141085890232e-02
1.919999999999999929e+01 3.486786659242670228e-02
1.983999999999999986e+01 3.430188278044097455e-02
2.048000000000000043e+01 3.377662295393217551e-02
2.112000000000000099e+01 3.328997541027443191e-02
2.176000000000000156e+01 3.284003142687082905e-02
2.239999999999999858e+01 3.242506611953569623e-02
2.303999999999999915e+01 3.204352196549280912e-02
2.367999999999999972e+01 3.169399456918286367e-02
2.432000000000000028e+01 3.137522033352103945e-02
2.496000000000000085e+01 3.108606576467210988e-02
2.560000000000000142e+01 3.082551818966993915e-02
2.623999999999999844e+01 3.059267770680684090e-02
2.687999999999999901e+01 3.038675022122135083e-02
2.751999999999999957e+01 3.020704144441939756e-02
2.816000000000000014e+01 3.005295175799479676e-02
2.880000000000000071e+01 2.992397185964711104e-02
2.944000000000000128e+01 2.981967912455281422e-02
3.007999999999999829e+01 2.973973462786863586e-02
3.071999999999999886e+01 2.968388078513756884e-02
3.135999999999999943e+01 2.965193957703040825e-02
3.200000000000000000e+01 2.964381133351672373e-02
3.264000000000000057e+01 2.965947406049341747e-02
3.328000000000000114e+01 2.969898329934220899e-02
3.392000000000000171e+01 2.976247251705049432e-02
3.456000000000000227e+01 2.985015403160926409e-02
3.520000000000000284e+01 2.996232048458934843e-02
3.584000000000000341e+01 3.009934688028914965e-02
3.647999999999999687e+01 3.026169321885517974e-02
3.711999999999999744e+01 3.044990775953698714e-02
3.775999999999999801e+01 3.066463096002598754e-02
3.839999999999999858e+01 3.090660014897156013e-02
3.903999999999999915e+01 3.117665500167133424e-02
3.967999999999999972e+01 3.147574390409939998e-02
4.032000000000000028e+01 3.180493130850668010e-02
4.096000000000000085e+01 3.216540620562718250e-02
4.160000000000000142e+01 3.255849186512749238e-02
4.224000000000000199e+01 3.298565702876586625e-02
4.288000000000000256e+01 3.344852878167579868e-02
4.352000000000000313e+01 3.394890737881720716e-02
4.415999999999999659e+01 3.448878336944072309e-02
4.479999999999999716e+01 3.507035744722315079e-02
4.543999999999999773e+01 3.569606356432997174e-02
4.607999999999999829e+01 3.636859599367718576e-02
4.671999999999999886e+01 3.709094121900728680e-02
4.735999999999999943e+01 3.786641579747893754e-02
4.800000000000000000e+01 3.869871170482008099e-02
4.864000000000000057e+01 3.959195118523901880e-02
4.928000000000000114e+01 4.055075385966223217e-02
4.992000000000000171e+01 4.158031991176135839e-02
5.056000000000000227e+01 4.268653475946477399e-02
5.120000000000000284e+01 4.387610304366115765e-02
5.184000000000000341e+01 4.515672356170738477e-02
5.247999999999999687e+01 4.653732288129234368e-02
5.311999999999999744e+01 4.802837548062215134e-02
5.375999999999999801e+01 4.964235549044242884e-02
5.439999999999999858e+01 5.139439535437516360e-02
5.503999999999999915e+01 5.330328140202093140e-02
5.567999999999999972e+01 5.539301818030579333e-02
5.632000000000000028e+01 5.769538888834051249e-02
5.696000000000000085e+01 6.025432615534390829e-02
5.760000000000000142e+01 6.313369767462069515e-02
5.824000000000000199e+01 6.643178033123539605e-02
5.888000000000000256e+01 7.030935138595338640e-02
5.952000000000000313e+01 7.504665204363154818e-02
6.015999999999999659e+01 8.116430100728312669e-02
6.079999999999999716e+01 8.969278463761513887e-02
6.143999999999999773e+01 1.028058857417088190e-01
6.207999999999999829e+01 1.253995157353057777e-01
6.271999999999999886e+01 1.692922107188079561e-01
6.335999999999999943e+01 2.652501062595047365e-01
