0.000000000000000000e+00 4.999365662080503814e-01
4.799999999999999822e-01 4.066733890966137133e-01
9.599999999999999645e-01 3.378072006304973507e-01
1.439999999999999947e+00 2.857627748839963178e-01
1.919999999999999929e+00 2.456348748384286351e-01
2.399999999999999911e+00 2.141404808344901656e-01
2.879999999999999893e+00 1.890238906152895138e-01
3.359999999999999876e+00 1.687009418895197288e-01
3.839999999999999858e+00 1.520379033568078075e-01
4.320000000000000284e+00 1.382097578865732479e-01
4.799999999999999822e+00 1.266070340386174220e-01
5.279999999999999361e+00 1.167732312036601633e-01
5.759999999999999787e+00 1.083620136923877098e-01
6.240000000000000213e+00 1.011074532527287823e-01
6.719999999999999751e+00 9.480304287350463377e-02
7.199999999999999289e+00 8.928670168815645847e-02
7.679999999999999716e+00 8.442993062536090221e-02
8.160000000000000142e+00 8.012988102561595383e-02
8.640000000000000568e+00 7.630349186584267640e-02
9.119999999999999218e+00 7.288311222166581060e-02
9.599999999999999645e+00 6.981320119031302063e-02
1.008000000000000007e+01 6.704781714472217435e-02
1.055999999999999872e+01 6.454869066365859220e-02
1.103999999999999915e+01 6.228373294192162540e-02
1.151999999999999957e+01 6.022587191608168300e-02
1.200000000000000000e+01 5.835213705830413072e-02
1.248000000000000043e+01 5.664293436966295198e-02
1.295999999999999908e+01 5.508146797693786595e-02
1.343999999999999950e+01 5.365327557344377885e-02
1.391999999999999993e+01 5.234585290250241829e-02
1.439999999999999858e+01 5.114834837089972386e-02
1.487999999999999901e+01 5.005131326934818964e-02
1.535999999999999943e+01 4.904649637265798279e-02
1.583999999999999986e+01 4.812667418389397073e-02
1.632000000000000028e+01 4.728550998322698928e-02
1.680000000000000071e+01 4.651743629517286066e-02
1.728000000000000114e+01 4.581755650833224669e-02
1.775999999999999801e+01 4.518156225118400565e-02
1.823999999999999844e+01 4.460566380636812878e-02
1.871999999999999886e+01 4.408653137926072524e-02
1.919999999999999929e+01 4.362124545826990413e-02
1.967999999999999972e+01 4.320725483967068764e-02
2.016000000000000014e+01 4.284234115830734546e-02
2.064000000000000057e+01 4.252458898193008097e-02
2.111999999999999744e+01 4.225236070268261618e-02
2.159999999999999787e+01 4.202427560314486027e-02
2.207999999999999829e+01 4.183919259324712231e-02
2.255999999999999872e+01 4.169619621373944068e-02
2.303999999999999915e+01 4.159458558603897071e-02
2.351999999999999957e+01 4.153386606068151105e-02
2.400000000000000000e+01 4.151374338012674137e-02
2.448000000000000043e+01 4.153412022871298681e-02
2.496000000000000085e+01 4.159509509519618287e-02
2.543999999999999773e+01 4.169696342338668343e-02
2.591999999999999815e+01 4.184022107564135812e-02
2.639999999999999858e+01 4.202557018405623374e-02
2.687999999999999901e+01 4.225392751686119636e-02
2.735999999999999943e+01 4.252643554459192149e-02
2.783999999999999986e+01 4.284447645417666095e-02
2.832000000000000028e+01 4.320968943152880826e-02
2.879999999999999716e+01 4.362399161744277831e-02
2.927999999999999758e+01 4.408960324104088668e-02
2.975999999999999801e+01 4.460907755403790281e-02
3.023999999999999844e+01 4.518533633310950481e-02
3.071999999999999886e+01 4.582171189356702701e-02
3.119999999999999929e+01 4.652199677418407398e-02
3.167999999999999972e+01 4.729050252178895047e-02
3.215999999999999659e+01 4.813212933994280573e-02
3.264000000000000057e+01 4.905244878804621012e-02
3.311999999999999744e+01 5.005780225107078762e-02
3.360000000000000142e+01 5.115541857959939043e-02
3.407999999999999829e+01 5.235355517003642545e-02
3.456000000000000227e+01 5.366166787617114575e-02
3.503999999999999915e+01 5.509061659734523775e-02
3.551999999999999602e+01 5.665291528619285227e-02
3.600000000000000000e+01 5.836303761197860623e-02
3.647999999999999687e+01 6.023779281289166898e-02
3.696000000000000085e+01 6.229679066204034388e-02
3.743999999999999773e+01 6.456302036217080598e-02
3.792000000000000171e+01 6.706357614314589766e-02
3.839999999999999858e+01 6.983057317232294059e-02
3.887999999999999545e+01 7.290231225729981723e-02
3.935999999999999943e+01 7.632477239082757769e-02
3.983999999999999631e+01 8.015353888691852113e-02
4.032000000000000028e+01 8.445631525443239584e-02
4.079999999999999716e+01 8.931622435214961464e-02
4.128000000000000114e+01 9.483618673646640462e-02
4.175999999999999801e+01 1.011447835792502192e-01
4.223999999999999488e+01 1.084041868271735931e-01
4.271999999999999886e+01 1.168209997784924320e-01
4.319999999999999574e+01 1.266612439200228979e-01
4.367999999999999972e+01 1.382713293042229230e-01
4.415999999999999659e+01 1.521077839919880437e-01
4.464000000000000057e+01 1.687800131265581871e-01
4.511999999999999744e+01 1.891128001457645369e-01
4.560000000000000142e+01 2.142393686809508091e-01
4.607999999999999829e+01 2.457429675466543673e-01
4.655999999999999517e+01 2.858778804637518989e-01
4.703999999999999915e+01 3.379253493504656980e-01
4.751999999999999602e+01 4.067895287477282240e-01
4.800000000000000000e+01 5.000491916979115103e-01
4.847999999999999687e+01 6.301393017410671371e-01
4.896000000000000085e+01 8.923835777336723840e-01
