0.000000000000000000e+00 5.003374544684650038e-01
8.000000000000000444e-01 1.384444296041208999e-01
1.600000000000000089e+00 4.709215060416409304e-02
2.400000000000000355e+00 1.961952292874995923e-02
3.200000000000000178e+00 9.908946755856079189e-03
4.000000000000000000e+00 5.932019999612217834e-03
4.800000000000000711e+00 4.069099360785799306e-03
5.600000000000000533e+00 3.082371559799480191e-03
6.400000000000000355e+00 2.498826507426751223e-03
7.200000000000000178e+00 2.119447112016134647e-03
8.000000000000000000e+00 1.853035700997108289e-03
8.800000000000000711e+00 1.654407628818403047e-03
9.600000000000001421e+00 1.499480196663966879e-03
1.040000000000000036e+01 1.374507988954217852e-03
1.120000000000000107e+01 1.271133278891794886e-03
1.200000000000000000e+01 1.183976554769415948e-03
1.280000000000000071e+01 1.109398760747575983e-03
1.360000000000000142e+01 1.044831907173204583e-03
1.440000000000000036e+01 9.883988045551277395e-04
1.520000000000000107e+01 9.386867349460766442e-04
1.600000000000000000e+01 8.946067676653138507e-04
1.680000000000000071e+01 8.553027763681143869e-04
1.760000000000000142e+01 8.200904748947785480e-04
1.840000000000000213e+01 7.884152721956644381e-04
1.920000000000000284e+01 7.598223348134571821e-04
2.000000000000000000e+01 7.339348157129046632e-04
2.080000000000000071e+01 7.104376978382555665e-04
2.160000000000000142e+01 6.890655925486176931e-04
2.240000000000000213e+01 6.695933835985576604e-04
2.320000000000000284e+01 6.518289570542297245e-04
2.400000000000000000e+01 6.356074856393195043e-04
2.480000000000000071e+01 6.207868884047907211e-04
2.560000000000000142e+01 6.072441906754968239e-04
2.640000000000000213e+01 5.948725816830688785e-04
2.720000000000000284e+01 5.835790186408063235e-04
2.800000000000000000e+01 5.732822629827266777e-04
2.880000000000000071e+01 5.639112614848415398e-04
2.960000000000000142e+01 5.554038049579087004e-04
3.040000000000000213e+01 5.477054121508406932e-04
3.120000000000000284e+01 5.407683978177141651e-04
3.200000000000000000e+01 5.345510925508026052e-04
3.280000000000000426e+01 5.290171886587530150e-04
3.360000000000000142e+01 5.241351915711092452e-04
3.439999999999999858e+01 5.198779603411081461e-04
3.520000000000000284e+01 5.162223240658720021e-04
3.600000000000000000e+01 5.131487636464944014e-04
3.680000000000000426e+01 5.106411504205596264e-04
3.760000000000000142e+01 5.086865349312031217e-04
3.840000000000000568e+01 5.072749805385702018e-04
3.920000000000000284e+01 5.063994378010843811e-04
4.000000000000000000e+01 5.060556566109449157e-04
4.080000000000000426e+01 5.062421340062741313e-04
4.160000000000000142e+01 5.069600964398550012e-04
4.240000000000000568e+01 5.082135160952185168e-04
4.320000000000000284e+01 5.100091616361123337e-04
4.400000000000000000e+01 5.123566845853287990e-04
4.480000000000000426e+01 5.152687433845960004e-04
4.560000000000000142e+01 5.187611681224071252e-04
4.640000000000000568e+01 5.228531699696112919e-04
4.720000000000000284e+01 5.275676005786027450e-04
4.800000000000000000e+01 5.329312681362818925e-04
4.880000000000000426e+01 5.389753184826868602e-04
4.960000000000000142e+01 5.457356918042620885e-04
5.040000000000000568e+01 5.532536679968987590e-04
5.120000000000000284e+01 5.615765170182034690e-04
5.200000000000000000e+01 5.707582746085225391e-04
5.280000000000000426e+01 5.808606689209016259e-04
5.360000000000000142e+01 5.919542302202547568e-04
5.440000000000000568e+01 6.041196243833303788e-04
5.520000000000000284e+01 6.174492621353900581e-04
5.600000000000000000e+01 6.320492507541912615e-04
5.680000000000000426e+01 6.480417747193934798e-04
5.760000000000000142e+01 6.655680184540893390e-04
5.840000000000000568e+01 6.847917807843914833e-04
5.920000000000000284e+01 7.059039813513696537e-04
6.000000000000000000e+01 7.291283305279245858e-04
6.080000000000000426e+01 7.547285366646995248e-04
6.160000000000000142e+01 7.830175740292019942e-04
6.240000000000000568e+01 8.143697582478259724e-04
6.320000000000000284e+01 8.492367180586888557e-04
6.400000000000000000e+01 8.881688896693828127e-04
6.479999999999999716e+01 9.318450294364228562e-04
6.560000000000000853e+01 9.811136912409319354e-04
6.640000000000000568e+01 1.037053116391750207e-03
6.720000000000000284e+01 1.101060448540445297e-03
6.800000000000000000e+01 1.174989444216967228e-03
6.879999999999999716e+01 1.261371695526538987e-03
6.960000000000000853e+01 1.363787956565145655e-03
7.040000000000000568e+01 1.487521588168700271e-03
7.120000000000000284e+01 1.640767363223573621e-03
7.200000000000000000e+01 1.836987421565304361e-03
7.279999999999999716e+01 2.099760108607543092e-03
7.360000000000000853e+01 2.473351125350357633e-03
7.440000000000000568e+01 3.047244239323424093e-03
7.520000000000000284e+01 4.017178555035215426e-03
7.600000000000000000e+01 5.849711257769394865e-03
7.680000000000001137e+01 9.769518000802307478e-03
7.760000000000000853e+01 1.936859088062077919e-02
7.840000000000000568e+01 4.661720660627307472e-02
7.920000000000000284e+01 1.375358006999023164e-01
8.000000000000000000e+01 4.989497066035299411e-01
8.080000000000001137e+01 2.686409662443784097e+00
