0.000000000000000000e+00 4.982193206449821998e-01
9.599999999999999645e-01 1.215523623627226685e-01
1.919999999999999929e+00 4.340802299748773574e-02
2.879999999999999893e+00 2.265348914849402845e-02
3.839999999999999858e+00 1.582281158241613181e-02
4.799999999999999822e+00 1.311326501613091847e-02
5.759999999999999787e+00 1.184456681659246634e-02
6.719999999999999751e+00 1.115690276343797929e-02
7.679999999999999716e+00 1.073546910359956218e-02
8.640000000000000568e+00 1.045110573890944798e-02
9.599999999999999645e+00 1.024507046619800230e-02
1.055999999999999872e+01 1.008797339322166885e-02
1.151999999999999957e+01 9.963767785954570633e-03
1.248000000000000043e+01 9.862987824651876442e-03
1.343999999999999950e+01 9.779670189827813914e-03
1.439999999999999858e+01 9.709849171949011884e-03
1.535999999999999943e+01 9.650769700120945607e-03
1.632000000000000028e+01 9.600449336035193210e-03
1.728000000000000114e+01 9.557420474149112832e-03
1.823999999999999844e+01 9.520571026123024125e-03
1.919999999999999929e+01 9.489041781479225224e-03
2.016000000000000014e+01 9.462157916352397294e-03
2.111999999999999744e+01 9.439381915353109442e-03
2.207999999999999829e+01 9.420280389904632512e-03
2.303999999999999915e+01 9.404500183886613934e-03
2.400000000000000000e+01 9.391750844601729625e-03
2.496000000000000085e+01 9.381791552433590628e-03
2.591999999999999815e+01 9.374421233574686471e-03
2.687999999999999901e+01 9.369470983575966735e-03
2.783999999999999986e+01 9.366798193775321274e-03
2.879999999999999716e+01 9.366281949644767943e-03
2.975999999999999801e+01 9.367819390900396573e-03
3.071999999999999886e+01 9.371322807097794486e-03
3.167999999999999972e+01 9.376717301574931385e-03
3.264000000000000057e+01 9.383938898885186425e-03
3.360000000000000142e+01 9.392933001476217597e-03
3.456000000000000227e+01 9.403653123797097238e-03
3.551999999999999602e+01 9.416059848623961961e-03
3.647999999999999687e+01 9.430119962819515783e-03
3.743999999999999773e+01 9.445805739126669417e-03
3.839999999999999858e+01 9.463094337750744059e-03
3.935999999999999943e+01 9.481967306986732041e-03
4.032000000000000028e+01 9.502410166417051343e-03
4.128000000000000114e+01 9.524412059546067191e-03
4.223999999999999488e+01 9.547965465376754765e-03
4.319999999999999574e+01 9.573065960539296065e-03
4.415999999999999659e+01 9.599712025278105826e-03
4.511999999999999744e+01 9.627904887988147919e-03
4.607999999999999829e+01 9.657648404138217263e-03
4.703999999999999915e+01 9.688948966384449205e-03
4.800000000000000000e+01 9.721815443509279620e-03
4.896000000000000085e+01 9.756259146555200032e-03
4.992000000000000171e+01 9.792293821191257880e-03
5.087999999999999545e+01 9.829935665980584630e-03
5.183999999999999631e+01 9.869203376834043140e-03
5.279999999999999716e+01 9.910118218563383416e-03
5.375999999999999801e+01 9.952704125111302980e-03
5.471999999999999886e+01 9.996987830763550548e-03
5.567999999999999972e+01 1.004299903546988088e-02
5.664000000000000057e+01 1.009077060835363894e-02
5.759999999999999432e+01 1.014033883461878949e-02
5.855999999999999517e+01 1.019174371242507690e-02
5.951999999999999602e+01 1.024502930796919280e-02
6.047999999999999687e+01 1.030024417907635104e-02
6.143999999999999773e+01 1.035744188019636046e-02
6.239999999999999858e+01 1.041668156497561719e-02
6.335999999999999943e+01 1.047802870676236946e-02
6.431999999999999318e+01 1.054155596279646688e-02
6.528000000000000114e+01 1.060734421484714127e-02
6.623999999999999488e+01 1.067548382825969817e-02
6.720000000000000284e+01 1.074607618354809536e-02
6.815999999999999659e+01 1.081923555094456944e-02
6.912000000000000455e+01 1.089509140029286220e-02
7.007999999999999829e+01 1.097379126866902116e-02
7.103999999999999204e+01 1.105550434954254146e-02
7.200000000000000000e+01 1.114042602523716320e-02
7.295999999999999375e+01 1.122878364662957713e-02
7.392000000000000171e+01 1.132084398236253044e-02
7.487999999999999545e+01 1.141692293317278159e-02
7.584000000000000341e+01 1.151739836567406729e-02
7.679999999999999716e+01 1.162272731459442453e-02
7.775999999999999091e+01 1.173346941939460916e-02
7.871999999999999886e+01 1.185031945298998558e-02
7.967999999999999261e+01 1.197415344663977678e-02
8.064000000000000057e+01 1.210609574913762768e-02
8.159999999999999432e+01 1.224761944017527075e-02
8.256000000000000227e+01 1.240070204832411857e-02
8.351999999999999602e+01 1.256807728426919020e-02
8.447999999999998977e+01 1.275366235837864688e-02
8.543999999999999773e+01 1.296332529649632699e-02
8.639999999999999147e+01 1.320635221840824047e-02
8.735999999999999943e+01 1.349845117548706050e-02
8.831999999999999318e+01 1.386836182904862408e-02
8.928000000000000114e+01 1.437354358545636472e-02
9.023999999999999488e+01 1.514054692011075273e-02
9.120000000000000284e+01 1.647869075910140396e-02
9.215999999999999659e+01 1.923583836731455887e-02
9.311999999999999034e+01 2.606512829432455769e-02
9.407999999999999829e+01 4.670549200915026511e-02
9.503999999999999204e+01 1.244866961215676665e-01
9.600000000000000000e+01 5.006224030164281302e-01
9.695999999999999375e+01 6.405248658623485802e+00
