0.000000000000000000e+00 4.984801866840283258e-01
8.000000000000000444e-01 2.339733542908459529e-01
1.600000000000000089e+00 1.445633066662105615e-01
2.400000000000000355e+00 1.081008920480239499e-01
3.200000000000000178e+00 9.012920092894596835e-02
4.000000000000000000e+00 7.955226094782190394e-02
4.800000000000000711e+00 7.235785959616072849e-02
5.600000000000000533e+00 6.693073156334088114e-02
6.400000000000000355e+00 6.254983581561185391e-02
7.200000000000000178e+00 5.885898727031139976e-02
8.000000000000000000e+00 5.566402776303366884e-02
8.800000000000000711e+00 5.284890753487235526e-02
9.600000000000001421e+00 5.033836491347874753e-02
1.040000000000000036e+01 4.808013469383484034e-02
1.120000000000000107e+01 4.603587380643118371e-02
1.200000000000000000e+01 4.417622149517485414e-02
1.280000000000000071e+01 4.247793936731113218e-02
1.360000000000000142e+01 4.092215905896987027e-02
1.440000000000000036e+01 3.949325266959583663e-02
1.520000000000000107e+01 3.817807156411971714e-02
1.600000000000000000e+01 3.696541338859613002e-02
1.680000000000000071e+01 3.584563645822139849e-02
1.760000000000000142e+01 3.481037286821035692e-02
1.840000000000000213e+01 3.385230990086247199e-02
1.920000000000000284e+01 3.296502003046698770e-02
2.000000000000000000e+01 3.214282637527540731e-02
2.080000000000000071e+01 3.138069457429144143e-02
2.160000000000000142e+01 3.067414474727452045e-02
2.240000000000000213e+01 3.001917898321046149e-02
2.320000000000000284e+01 2.941222102195155050e-02
2.400000000000000000e+01 2.885006564376592017e-02
2.480000000000000071e+01 2.832983588553929580e-02
2.560000000000000142e+01 2.784894663911733487e-02
2.640000000000000213e+01 2.740507350818319893e-02
2.720000000000000284e+01 2.699612603937404445e-02
2.800000000000000000e+01 2.662022462427215269e-02
2.880000000000000071e+01 2.627568050747410705e-02
2.960000000000000142e+01 2.596097844335664914e-02
3.040000000000000213e+01 2.567476162838523354e-02
3.120000000000000284e+01 2.541581860258313938e-02
3.200000000000000000e+01 2.518307186727670316e-02
3.280000000000000426e+01 2.497556800953698586e-02
3.360000000000000142e+01 2.479246915915512064e-02
3.439999999999999858e+01 2.463304563325313667e-02
3.520000000000000284e+01 2.449666964807357961e-02
3.600000000000000000e+01 2.438280999813347352e-02
3.680000000000000426e+01 2.429102762057433473e-02
3.760000000000000142e+01 2.422097197782446115e-02
3.840000000000000568e+01 2.417237820512369365e-02
3.920000000000000284e+01 2.414506498146262725e-02
4.000000000000000000e+01 2.413893309340614177e-02
4.080000000000000426e+01 2.415396467140377632e-02
4.160000000000000142e+01 2.419022308779946243e-02
4.240000000000000568e+01 2.424785351507878842e-02
4.320000000000000284e+01 2.432708415216005768e-02
4.400000000000000000e+01 2.442822813596646353e-02
4.480000000000000426e+01 2.455168616534013359e-02
4.560000000000000142e+01 2.469794987481545995e-02
4.640000000000000568e+01 2.486760600712955085e-02
4.720000000000000284e+01 2.506134144591590576e-02
4.800000000000000000e+01 2.527994918416495707e-02
4.880000000000000426e+01 2.552433532017077400e-02
4.960000000000000142e+01 2.579552719134418221e-02
5.040000000000000568e+01 2.609468277811204454e-02
5.120000000000000284e+01 2.642310153596282712e-02
5.200000000000000000e+01 2.678223684458991977e-02
5.280000000000000426e+01 2.717371030038047766e-02
5.360000000000000142e+01 2.759932812396712759e-02
5.440000000000000568e+01 2.806110001053840897e-02
5.520000000000000284e+01 2.856126082020863169e-02
5.600000000000000000e+01 2.910229559319530215e-02
5.680000000000000426e+01 2.968696848560575460e-02
5.760000000000000142e+01 3.031835636428491937e-02
5.840000000000000568e+01 3.099988798464133749e-02
5.920000000000000284e+01 3.173538991963711225e-02
6.000000000000000000e+01 3.252914073433735287e-02
6.080000000000000426e+01 3.338593534261710682e-02
6.160000000000000142e+01 3.431116209186390459e-02
6.240000000000000568e+01 3.531089597585496120e-02
6.320000000000000284e+01 3.639201259748896244e-02
6.400000000000000000e+01 3.756232928727798459e-02
6.479999999999999716e+01 3.883078245233510806e-02
6.560000000000000853e+01 4.020765432969623104e-02
6.640000000000000568e+01 4.170486880244142491e-02
6.720000000000000284e+01 4.333638653834370053e-02
6.800000000000000000e+01 4.511874768298308747e-02
6.879999999999999716e+01 4.707184203938677425e-02
6.960000000000000853e+01 4.922004501337096105e-02
7.040000000000000568e+01 5.159396993853555824e-02
7.120000000000000284e+01 5.423331402302013216e-02
7.200000000000000000e+01 5.719175487877137254e-02
7.279999999999999716e+01 6.054592134444242157e-02
7.360000000000000853e+01 6.441295843376265706e-02
7.440000000000000568e+01 6.898736886898590437e-02
7.520000000000000284e+01 7.462393532398740870e-02
7.600000000000000000e+01 8.203849106356793375e-02
7.680000000000001137e+01 9.283308056094127791e-02
7.760000000000000853e+01 1.109904145573210738e-01
7.840000000000000568e+01 1.475470004111891498e-01
7.920000000000000284e+01 2.368677207109821103e-01
8.000000000000000000e+01 5.011673577842601368e-01
8.080000000000001137e+01 1.682776521037492978e+00
