0.000000000000000000e+00 4.999608716752437232e-01
1.120000000000000107e+00 5.050705848540871373e-02
2.240000000000000213e+00 8.529069427766421477e-03
3.360000000000000320e+00 2.780987485608882922e-03
4.480000000000000426e+00 1.558856915304404709e-03
5.600000000000000533e+00 1.133049221573736694e-03
6.720000000000000639e+00 9.127021035938548930e-04
7.840000000000000746e+00 7.706895542478889782e-04
8.960000000000000853e+00 6.688170326515689929e-04
1.008000000000000185e+01 5.914152082050760928e-04
1.120000000000000107e+01 5.304345317981049935e-04
1.232000000000000028e+01 4.811303215313748449e-04
1.344000000000000128e+01 4.404638892497315093e-04
1.456000000000000227e+01 4.063802306765583894e-04
1.568000000000000149e+01 3.774337181444059651e-04
1.680000000000000071e+01 3.525756889968830843e-04
1.792000000000000171e+01 3.310261316690837831e-04
1.904000000000000270e+01 3.121925112019697341e-04
2.016000000000000369e+01 2.956165148929870896e-04
2.128000000000000114e+01 2.809380520530649285e-04
2.240000000000000213e+01 2.678702903475131442e-04
2.352000000000000313e+01 2.561819594530538092e-04
2.464000000000000057e+01 2.456845612550307063e-04
2.576000000000000156e+01 2.362229661261999996e-04
2.688000000000000256e+01 2.276683918752753016e-04
2.800000000000000355e+01 2.199130887321031741e-04
2.912000000000000455e+01 2.128662652075470629e-04
3.024000000000000199e+01 2.064509294392164037e-04
3.136000000000000298e+01 2.006014147929266358e-04
3.248000000000000398e+01 1.952614230247203821e-04
3.360000000000000142e+01 1.903824632416594494e-04
3.472000000000000597e+01 1.859225966401862446e-04
3.584000000000000341e+01 1.818454197223844842e-04
3.696000000000000085e+01 1.781192351570571502e-04
3.808000000000000540e+01 1.747163715232256487e-04
3.920000000000000284e+01 1.716126221167571671e-04
4.032000000000000739e+01 1.687867796931878954e-04
4.144000000000000483e+01 1.662202490751671119e-04
4.256000000000000227e+01 1.638967234058659895e-04
4.368000000000000682e+01 1.618019127912400453e-04
4.480000000000000426e+01 1.599233163691555571e-04
4.592000000000000171e+01 1.582500306363505505e-04
4.704000000000000625e+01 1.567725882760747269e-04
4.816000000000000369e+01 1.554828228500897689e-04
4.928000000000000114e+01 1.543737556160827728e-04
5.040000000000000568e+01 1.534395014566256868e-04
5.152000000000000313e+01 1.526751914977096008e-04
5.264000000000000767e+01 1.520769104838173944e-04
5.376000000000000512e+01 1.516416473860732639e-04
5.488000000000000256e+01 1.513672580689641640e-04
5.600000000000000711e+01 1.512524391445729680e-04
5.712000000000000455e+01 1.512967124136988710e-04
5.824000000000000909e+01 1.515004195413026551e-04
5.936000000000000654e+01 1.518647268488051375e-04
6.048000000000000398e+01 1.523916403365908109e-04
6.160000000000000853e+01 1.530840312850879914e-04
6.272000000000000597e+01 1.539456730307153104e-04
6.384000000000000341e+01 1.549812897831938320e-04
6.496000000000000796e+01 1.561966186538602300e-04
6.608000000000001251e+01 1.575984864131571529e-04
6.720000000000000284e+01 1.591949029045249442e-04
6.832000000000000739e+01 1.609951735301822342e-04
6.944000000000001194e+01 1.630100338153353241e-04
7.056000000000000227e+01 1.652518097813839503e-04
7.168000000000000682e+01 1.677346087547359685e-04
7.280000000000001137e+01 1.704745463570169145e-04
7.392000000000000171e+01 1.734900168322231365e-04
7.504000000000000625e+01 1.768020156566378436e-04
7.616000000000001080e+01 1.804345256689855953e-04
7.728000000000000114e+01 1.844149809153439732e-04
7.840000000000000568e+01 1.887748262503304757e-04
7.952000000000001023e+01 1.935501957835572150e-04
8.064000000000001478e+01 1.987827399420826445e-04
8.176000000000000512e+01 2.045206398481523536e-04
8.288000000000000966e+01 2.108198597620205856e-04
8.400000000000001421e+01 2.177457047777386749e-04
8.512000000000000455e+01 2.253747736404291451e-04
8.624000000000000909e+01 2.337974282343547672e-04
8.736000000000001364e+01 2.431209461353265146e-04
8.848000000000000398e+01 2.534735870202518425e-04
8.960000000000000853e+01 2.650098976741027180e-04
9.072000000000001307e+01 2.779177197705018560e-04
9.184000000000000341e+01 2.924275755204447207e-04
9.296000000000000796e+01 3.088254321273691374e-04
9.408000000000001251e+01 3.274703613950463287e-04
9.520000000000000284e+01 3.488194481561170297e-04
9.632000000000000739e+01 3.734637039073464585e-04
9.744000000000001194e+01 4.021811784013425714e-04
9.856000000000000227e+01 4.360178838139489705e-04
9.968000000000000682e+01 4.764156333013288571e-04
1.008000000000000114e+02 5.254234511673206397e-04
1.019200000000000159e+02 5.860694813230433141e-04
1.030400000000000063e+02 6.630766745028062207e-04
1.041600000000000108e+02 7.644407356700168949e-04
1.052800000000000153e+02 9.056711303602527942e-04
1.064000000000000057e+02 1.124412501601361556e-03
1.075200000000000102e+02 1.545686329664205981e-03
1.086400000000000148e+02 2.751640447537712694e-03
1.097600000000000051e+02 8.433456228688754330e-03
1.108800000000000097e+02 5.012565456551575094e-02
1.120000000000000142e+02 4.988664610481773343e-01
