0.000000000000000000e+00 4.991242717623051162e-01
1.120000000000000107e+00 1.851763008216188444e-01
2.240000000000000213e+00 1.111951324071114300e-01
3.359999999999999876e+00 8.602580946153647046e-02
4.480000000000000426e+00 7.379438368046209451e-02
5.599999999999999645e+00 6.601624813864932773e-02
6.719999999999999751e+00 6.022704275026245085e-02
7.839999999999999858e+00 5.555322205131574959e-02
8.960000000000000853e+00 5.161742420239950890e-02
1.008000000000000007e+01 4.822396205135372899e-02
1.119999999999999929e+01 4.525505410666919026e-02
1.232000000000000028e+01 4.263165799240885290e-02
1.343999999999999950e+01 4.029660829093400370e-02
1.456000000000000050e+01 3.820640574570804970e-02
1.567999999999999972e+01 3.632676382424265132e-02
1.680000000000000071e+01 3.462996800913523132e-02
1.792000000000000171e+01 3.309319443973213898e-02
1.903999999999999915e+01 3.169737746263280587e-02
2.016000000000000014e+01 3.042641208899295874e-02
2.128000000000000114e+01 2.926657184812819432e-02
2.239999999999999858e+01 2.820607134649639330e-02
2.351999999999999957e+01 2.723472965385264136e-02
2.464000000000000057e+01 2.634370614567407495e-02
2.576000000000000156e+01 2.552528980195598735e-02
2.687999999999999901e+01 2.477272884307622769e-02
2.800000000000000000e+01 2.408009139738445312e-02
2.912000000000000099e+01 2.344215044217910771e-02
3.023999999999999844e+01 2.285428800583520423e-02
3.135999999999999943e+01 2.231241484454728544e-02
3.247999999999999687e+01 2.181290268618470488e-02
3.360000000000000142e+01 2.135252677652936179e-02
3.471999999999999886e+01 2.092841694151539519e-02
3.584000000000000341e+01 2.053801574078250800e-02
3.696000000000000085e+01 2.017904256529572463e-02
3.807999999999999829e+01 1.984946274737889663e-02
3.920000000000000284e+01 1.954746092101963123e-02
4.032000000000000028e+01 1.927141800500379795e-02
4.143999999999999773e+01 1.901989128951762920e-02
4.256000000000000227e+01 1.879159719434841253e-02
4.367999999999999972e+01 1.858539633822819254e-02
4.479999999999999716e+01 1.840028061760799402e-02
4.592000000000000171e+01 1.823536204183249729e-02
4.703999999999999915e+01 1.808986311232822081e-02
4.815999999999999659e+01 1.796310856760367086e-02
4.928000000000000114e+01 1.785451834483989947e-02
5.039999999999999858e+01 1.776360163362546499e-02
5.152000000000000313e+01 1.768995191877120732e-02
5.264000000000000057e+01 1.763324292779025471e-02
5.375999999999999801e+01 1.759322541509783164e-02
5.488000000000000256e+01 1.756972472973674856e-02
5.600000000000000000e+01 1.756263912686594278e-02
5.711999999999999744e+01 1.757193879570904255e-02
5.824000000000000199e+01 1.759766558846075774e-02
5.935999999999999943e+01 1.763993344608034280e-02
6.047999999999999687e+01 1.769892952823910043e-02
6.160000000000000142e+01 1.777491606620609441e-02
6.271999999999999886e+01 1.786823296943142875e-02
6.384000000000000341e+01 1.797930122931420960e-02
6.495999999999999375e+01 1.810862717744436343e-02
6.607999999999999829e+01 1.825680767084341891e-02
6.720000000000000284e+01 1.842453629381220551e-02
6.831999999999999318e+01 1.861261068540613628e-02
6.943999999999999773e+01 1.882194112387565801e-02
7.056000000000000227e+01 1.905356052532367755e-02
7.168000000000000682e+01 1.930863604418986065e-02
7.279999999999999716e+01 1.958848249901961810e-02
7.392000000000000171e+01 1.989457788961923948e-02
7.504000000000000625e+01 2.022858132278548132e-02
7.615999999999999659e+01 2.059235372542745149e-02
7.728000000000000114e+01 2.098798179877606543e-02
7.840000000000000568e+01 2.141780575902469189e-02
7.951999999999999602e+01 2.188445152280775810e-02
8.064000000000000057e+01 2.239086813659998260e-02
8.176000000000000512e+01 2.294037142579123667e-02
8.287999999999999545e+01 2.353669506336638143e-02
8.400000000000000000e+01 2.418405054583050440e-02
8.512000000000000455e+01 2.488719793798760752e-02
8.623999999999999488e+01 2.565152974117347953e-02
8.735999999999999943e+01 2.648317089972745952e-02
8.848000000000000398e+01 2.738909886012255365e-02
8.959999999999999432e+01 2.837728884706795796e-02
9.071999999999999886e+01 2.945689129506751797e-02
9.184000000000000341e+01 3.063845095283795894e-02
9.295999999999999375e+01 3.193418102693854760e-02
9.407999999999999829e+01 3.335831164718922048e-02
9.520000000000000284e+01 3.492754133755724549e-02
9.631999999999999318e+01 3.666163569327954980e-02
9.743999999999999773e+01 3.858424423190558172e-02
9.856000000000000227e+01 4.072405501848937182e-02
9.968000000000000682e+01 4.311650061485802071e-02
1.007999999999999972e+02 4.580642389901940642e-02
1.019200000000000017e+02 4.885255145731899618e-02
1.030400000000000063e+02 5.233570356372102550e-02
1.041599999999999966e+02 5.637559266605220859e-02
1.052800000000000011e+02 6.116975010381742878e-02
1.064000000000000057e+02 6.709657261853789467e-02
1.075199999999999960e+02 7.502779428060644962e-02
1.086400000000000006e+02 8.741753145384906221e-02
1.097600000000000051e+02 1.127170640710676019e-01
1.108799999999999955e+02 1.867145889454735752e-01
