0.000000000000000000e+00 5.003418725131129063e-01
6.400000000000000133e-01 1.761565339759848803e-01
1.280000000000000027e+00 7.076120229953206109e-02
1.919999999999999929e+00 3.237287583945359926e-02
2.560000000000000053e+00 1.681384543801670017e-02
3.200000000000000178e+00 9.846750863968273260e-03
3.839999999999999858e+00 6.425614784697269467e-03
4.480000000000000426e+00 4.595743494715297597e-03
5.120000000000000107e+00 3.535954979637921138e-03
5.759999999999999787e+00 2.875307464853240225e-03
6.400000000000000355e+00 2.435070334630080272e-03
7.040000000000000036e+00 2.123989405221785986e-03
7.679999999999999716e+00 1.892938797889045892e-03
8.320000000000000284e+00 1.714132830630693939e-03
8.960000000000000853e+00 1.571103768058954887e-03
9.599999999999999645e+00 1.453647747042406853e-03
1.024000000000000021e+01 1.355170047538163018e-03
1.088000000000000078e+01 1.271237116996192613e-03
1.151999999999999957e+01 1.198758276620596509e-03
1.216000000000000014e+01 1.135507334686819284e-03
1.280000000000000071e+01 1.079833623285399299e-03
1.343999999999999950e+01 1.030481851753092728e-03
1.408000000000000007e+01 9.864763284395943344e-04
1.472000000000000064e+01 9.470443553571086153e-04
1.535999999999999943e+01 9.115641294195814042e-04
1.600000000000000000e+01 8.795283901515746480e-04
1.664000000000000057e+01 8.505184484092641242e-04
1.728000000000000114e+01 8.241852284082543979e-04
1.792000000000000171e+01 8.002351584170329076e-04
1.855999999999999872e+01 7.784194864740710167e-04
1.919999999999999929e+01 7.585260640458153444e-04
1.983999999999999986e+01 7.403729406709781691e-04
2.048000000000000043e+01 7.238033097532264003e-04
2.112000000000000099e+01 7.086814777361328394e-04
2.176000000000000156e+01 6.948896190862920716e-04
2.240000000000000213e+01 6.823251422235045768e-04
2.303999999999999915e+01 6.708985358885963691e-04
2.367999999999999972e+01 6.605315973068996965e-04
2.432000000000000028e+01 6.511559667434779633e-04
2.496000000000000085e+01 6.427119102262521385e-04
2.560000000000000142e+01 6.351473050786260672e-04
2.624000000000000199e+01 6.284167926544821127e-04
2.687999999999999901e+01 6.224810701445489475e-04
2.751999999999999957e+01 6.173062991189748978e-04
2.816000000000000014e+01 6.128636130139392558e-04
2.880000000000000071e+01 6.091287093716713343e-04
2.944000000000000128e+01 6.060815155331058558e-04
3.008000000000000185e+01 6.037059188325143676e-04
3.071999999999999886e+01 6.019895542843594445e-04
3.135999999999999943e+01 6.009236443851403596e-04
3.200000000000000000e+01 6.005028870565650746e-04
3.264000000000000057e+01 6.007253889952346567e-04
3.328000000000000114e+01 6.015926428218081219e-04
3.392000000000000171e+01 6.031095474859969694e-04
3.456000000000000227e+01 6.052844724255013751e-04
3.520000000000000284e+01 6.081293670384968226e-04
3.584000000000000341e+01 6.116599181531670679e-04
3.648000000000000398e+01 6.158957594104323089e-04
3.711999999999999744e+01 6.208607378706477086e-04
3.775999999999999801e+01 6.265832447751868827e-04
3.839999999999999858e+01 6.330966193179285223e-04
3.903999999999999915e+01 6.404396366091346824e-04
3.967999999999999972e+01 6.486570938735845447e-04
4.032000000000000028e+01 6.578005124851355433e-04
4.096000000000000085e+01 6.679289779268104185e-04
4.160000000000000142e+01 6.791101454843482231e-04
4.224000000000000199e+01 6.914214468506425402e-04
4.288000000000000256e+01 7.049515424203935338e-04
4.352000000000000313e+01 7.198020767082369481e-04
4.416000000000000369e+01 7.360898112007952226e-04
4.480000000000000426e+01 7.539492317522999282e-04
4.543999999999999773e+01 7.735357588577093093e-04
4.607999999999999829e+01 7.950297325354631090e-04
4.671999999999999886e+01 8.186414048357411538e-04
4.735999999999999943e+01 8.446172610161119167e-04
4.800000000000000000e+01 8.732481191809303954e-04
4.864000000000000057e+01 9.048796501650743741e-04
4.928000000000000114e+01 9.399262515515493382e-04
4.992000000000000171e+01 9.788896636228449754e-04
5.056000000000000227e+01 1.022384435909758256e-03
5.120000000000000284e+01 1.071173523724613507e-03
5.184000000000000341e+01 1.126219239413213131e-03
5.248000000000000398e+01 1.188758092057008112e-03
5.312000000000000455e+01 1.260413814240070275e-03
5.375999999999999801e+01 1.343373168458712394e-03
5.439999999999999858e+01 1.440667983269940155e-03
5.503999999999999915e+01 1.556642355819866418e-03
5.567999999999999972e+01 1.697752678737822745e-03
5.632000000000000028e+01 1.873985424783337515e-03
5.696000000000000085e+01 2.101461343194868572e-03
5.760000000000000142e+01 2.407403764132841871e-03
5.824000000000000199e+01 2.840012914787200249e-03
5.888000000000000256e+01 3.488993974409023216e-03
5.952000000000000313e+01 4.530437552794803861e-03
6.016000000000000369e+01 6.330691336930564447e-03
6.080000000000000426e+01 9.702756241394924763e-03
6.143999999999999773e+01 1.658644388128407282e-02
6.207999999999999829e+01 3.200056725344870706e-02
6.271999999999999886e+01 7.013641543641924159e-02
6.335999999999999943e+01 1.751248879857410234e-01
6.400000000000000000e+01 4.989464689174625822e-01
6.464000000000000057e+01 1.689487073943245266e+00
