0.000000000000000000e+00 4.992537088355606945e-01
3.200000000000000067e-01 3.535340520619779103e-01
6.400000000000000133e-01 2.625927470085598903e-01
9.599999999999999645e-01 2.042295180353823902e-01
1.280000000000000027e+00 1.657353809934934974e-01
1.600000000000000089e+00 1.396442787292219989e-01
1.919999999999999929e+00 1.214688930363447272e-01
2.240000000000000213e+00 1.084546145633497327e-01
2.560000000000000053e+00 9.887645925167319605e-02
2.879999999999999893e+00 9.163353553343431268e-02
3.200000000000000178e+00 8.601037973281366877e-02
3.520000000000000018e+00 8.153382667016106922e-02
3.839999999999999858e+00 7.788563139690969639e-02
4.160000000000000142e+00 7.484821539413935576e-02
4.480000000000000426e+00 7.227043218067921715e-02
4.799999999999999822e+00 7.004563038847926026e-02
5.120000000000000107e+00 6.809738911448925958e-02
5.440000000000000391e+00 6.637011145243158772e-02
5.759999999999999787e+00 6.482273813159177001e-02
6.080000000000000071e+00 6.342449223241974909e-02
6.400000000000000355e+00 6.215196317608271542e-02
6.719999999999999751e+00 6.098708471570664369e-02
7.040000000000000036e+00 5.991571672452566250e-02
7.360000000000000320e+00 5.892663937237119232e-02
7.679999999999999716e+00 5.801083200265884365e-02
8.000000000000000000e+00 5.716095060308433451e-02
8.320000000000000284e+00 5.637094520068501591e-02
8.640000000000000568e+00 5.563577680952050408e-02
8.960000000000000853e+00 5.495120588538584400e-02
9.279999999999999361e+00 5.431363262580281293e-02
9.599999999999999645e+00 5.371997520864382758e-02
9.919999999999999929e+00 5.316757604836520879e-02
1.024000000000000021e+01 5.265412893254917126e-02
1.056000000000000050e+01 5.217762186174232375e-02
1.088000000000000078e+01 5.173629180705252573e-02
1.120000000000000107e+01 5.132858859539569940e-02
1.151999999999999957e+01 5.095314584985099343e-02
1.183999999999999986e+01 5.060875743376751223e-02
1.216000000000000014e+01 5.029435822866053230e-02
1.248000000000000043e+01 5.000900835713481540e-02
1.280000000000000071e+01 4.975188017097360860e-02
1.312000000000000099e+01 4.952224748092314000e-02
1.343999999999999950e+01 4.931947662271744109e-02
1.375999999999999979e+01 4.914301904368872237e-02
1.408000000000000007e+01 4.899240516325428785e-02
1.440000000000000036e+01 4.886723931402296023e-02
1.472000000000000064e+01 4.876719561216882187e-02
1.504000000000000092e+01 4.869201463899616722e-02
1.535999999999999943e+01 4.864150084245778827e-02
1.567999999999999972e+01 4.861552058944731969e-02
1.600000000000000000e+01 4.861400081824834851e-02
1.632000000000000028e+01 4.863692825659980679e-02
1.664000000000000057e+01 4.868434918525570143e-02
1.696000000000000085e+01 4.875636974038226323e-02
1.728000000000000114e+01 4.885315676128366286e-02
1.760000000000000142e+01 4.897493920339092421e-02
1.792000000000000171e+01 4.912201015082297978e-02
1.824000000000000199e+01 4.929472947883506428e-02
1.855999999999999872e+01 4.949352723492961292e-02
1.887999999999999901e+01 4.971890782932341518e-02
1.919999999999999929e+01 4.997145515211323663e-02
1.951999999999999957e+01 5.025183876750659306e-02
1.983999999999999986e+01 5.056082137705487228e-02
2.016000000000000014e+01 5.089926779683939112e-02
2.048000000000000043e+01 5.126815576192624013e-02
2.080000000000000071e+01 5.166858896044526639e-02
2.112000000000000099e+01 5.210181281666001474e-02
2.144000000000000128e+01 5.256923369746643870e-02
2.176000000000000156e+01 5.307244242391886968e-02
2.208000000000000185e+01 5.361324324828731225e-02
2.240000000000000213e+01 5.419368983551716562e-02
2.271999999999999886e+01 5.481613030514890378e-02
2.303999999999999915e+01 5.548326410203723025e-02
2.335999999999999943e+01 5.619821445264804038e-02
2.367999999999999972e+01 5.696462154593202876e-02
2.400000000000000000e+01 5.778676352580172648e-02
2.432000000000000028e+01 5.866971514970822921e-02
2.464000000000000057e+01 5.961955793187402597e-02
2.496000000000000085e+01 6.064366131622474232e-02
2.528000000000000114e+01 6.175106276988792664e-02
2.560000000000000142e+01 6.295298696381274040e-02
2.592000000000000171e+01 6.426356243766595533e-02
2.624000000000000199e+01 6.570082149481923373e-02
2.656000000000000227e+01 6.728811053702221656e-02
2.687999999999999901e+01 6.905610161517126977e-02
2.719999999999999929e+01 7.104569456918510828e-02
2.751999999999999957e+01 7.331225394415506746e-02
2.783999999999999986e+01 7.593187109194340922e-02
2.816000000000000014e+01 7.901073874905256700e-02
2.848000000000000043e+01 8.269937411025825302e-02
2.880000000000000071e+01 8.721450234868978468e-02
2.912000000000000099e+01 9.287322422434254876e-02
2.944000000000000128e+01 1.001471905593957212e-01
2.976000000000000156e+01 1.097498961541678031e-01
3.008000000000000185e+01 1.227797439916085420e-01
3.040000000000000213e+01 1.409587274344132335e-01
3.071999999999999886e+01 1.670382183288625644e-01
3.103999999999999915e+01 2.055029081116087619e-01
3.135999999999999943e+01 2.638191452659365832e-01
3.167999999999999972e+01 3.547048560822156360e-01
