0.000000000000000000e+00 4.999589446649954083e-01
1.439999999999999947e+00 2.859092489972912474e-02
2.879999999999999893e+00 4.155818651336838122e-03
4.320000000000000284e+00 1.675255661386412711e-03
5.759999999999999787e+00 1.110856614370522681e-03
7.199999999999999289e+00 8.605299112750538571e-04
8.640000000000000568e+00 7.084377178713500587e-04
1.008000000000000007e+01 6.033686303968578300e-04
1.151999999999999957e+01 5.258739851480599692e-04
1.295999999999999908e+01 4.662697041527460442e-04
1.439999999999999858e+01 4.190101991328014364e-04
1.583999999999999986e+01 3.806491124975266960e-04
1.728000000000000114e+01 3.489212914003455060e-04
1.871999999999999886e+01 3.222734718839906864e-04
2.016000000000000014e+01 2.996038480636071979e-04
2.159999999999999787e+01 2.801087137331716268e-04
2.303999999999999915e+01 2.631878556655319317e-04
2.448000000000000043e+01 2.483839227646295967e-04
2.591999999999999815e+01 2.353423014068683334e-04
2.735999999999999943e+01 2.237838200043826145e-04
2.879999999999999716e+01 2.134857309781573915e-04
3.023999999999999844e+01 2.042681783780600339e-04
3.167999999999999972e+01 1.959843877054938345e-04
3.311999999999999744e+01 1.885134347931160777e-04
3.456000000000000227e+01 1.817548354417840122e-04
3.600000000000000000e+01 1.756244423249931047e-04
3.743999999999999773e+01 1.700512949285854620e-04
3.887999999999999545e+01 1.649751740106002661e-04
4.032000000000000028e+01 1.603446835406750249e-04
4.175999999999999801e+01 1.561157322163610488e-04
4.319999999999999574e+01 1.522503209568337431e-04
4.464000000000000057e+01 1.487155670611945519e-04
4.607999999999999829e+01 1.454829131388511005e-04
4.751999999999999602e+01 1.425274815662907633e-04
4.896000000000000085e+01 1.398275445096009296e-04
5.039999999999999858e+01 1.373640864408486278e-04
5.183999999999999631e+01 1.351204412378793711e-04
5.328000000000000114e+01 1.330819898603963767e-04
5.471999999999999886e+01 1.312359075730960487e-04
5.615999999999999659e+01 1.295709519777553820e-04
5.759999999999999432e+01 1.280772848932468114e-04
5.903999999999999915e+01 1.267463225118327602e-04
6.047999999999999687e+01 1.255706093549750128e-04
6.191999999999999460e+01 1.245437124216942730e-04
6.335999999999999943e+01 1.236601326193658660e-04
6.479999999999999716e+01 1.229152311302514648e-04
6.623999999999999488e+01 1.223051688272769355e-04
6.767999999999999261e+01 1.218268572329442518e-04
6.912000000000000455e+01 1.214779198340884981e-04
7.056000000000000227e+01 1.212566628369702942e-04
7.200000000000000000e+01 1.211620546836499046e-04
7.343999999999999773e+01 1.211937138614140763e-04
7.487999999999999545e+01 1.213519047304793607e-04
7.631999999999999318e+01 1.216375412785801181e-04
7.775999999999999091e+01 1.220521988911235580e-04
7.920000000000000284e+01 1.225981344089402164e-04
8.064000000000000057e+01 1.232783149390318249e-04
8.207999999999999829e+01 1.240964560944231873e-04
8.351999999999999602e+01 1.250570705755117760e-04
8.495999999999999375e+01 1.261655282768670710e-04
8.639999999999999147e+01 1.274281294219723935e-04
8.784000000000000341e+01 1.288521926084237770e-04
8.928000000000000114e+01 1.304461601058669231e-04
9.071999999999999886e+01 1.322197233118160571e-04
9.215999999999999659e+01 1.341839719666618452e-04
9.359999999999999432e+01 1.363515715981170333e-04
9.503999999999999204e+01 1.387369747591572962e-04
9.647999999999998977e+01 1.413566730115262625e-04
9.792000000000000171e+01 1.442294983822184199e-04
9.935999999999999943e+01 1.473769853092293141e-04
1.007999999999999972e+02 1.508238070678620470e-04
1.022399999999999949e+02 1.545983045683213411e-04
1.036799999999999926e+02 1.587331305716213452e-04
1.051199999999999903e+02 1.632660392526003208e-04
1.065600000000000023e+02 1.682408603142354349e-04
1.080000000000000000e+02 1.737087094907927877e-04
1.094399999999999977e+02 1.797295046784199313e-04
1.108799999999999955e+02 1.863738811906217859e-04
1.123199999999999932e+02 1.937256338979364266e-04
1.137599999999999909e+02 2.018848630867936241e-04
1.151999999999999886e+02 2.109720722509073228e-04
1.166400000000000006e+02 2.211335715936081506e-04
1.180799999999999983e+02 2.325487000304439955e-04
1.195199999999999960e+02 2.454396228802681627e-04
1.209599999999999937e+02 2.600848465718188845e-04
1.223999999999999915e+02 2.768382107343870884e-04
1.238399999999999892e+02 2.961561440372702855e-04
1.252800000000000011e+02 3.186377257073537807e-04
1.267199999999999989e+02 3.450852106808933247e-04
1.281599999999999966e+02 3.765984491835235623e-04
1.295999999999999943e+02 4.147278905269093097e-04
1.310399999999999920e+02 4.617342792366514823e-04
1.324799999999999898e+02 5.210562446970531947e-04
1.339199999999999875e+02 5.982234799687560865e-04
1.353599999999999852e+02 7.028789667969733042e-04
1.367999999999999829e+02 8.543300775625531016e-04
1.382400000000000091e+02 1.103151920018989943e-03
1.396800000000000068e+02 1.661693291786701466e-03
1.411200000000000045e+02 4.110166973249812505e-03
1.425600000000000023e+02 2.833758203051463948e-02
1.440000000000000000e+02 4.988668816419802310e-01
