0.000000000000000000e+00 4.999633987693263282e-01
1.439999999999999947e+00 2.851657623806787001e-01
2.879999999999999893e+00 1.878828093338446026e-01
4.320000000000000284e+00 1.364952668061575891e-01
5.759999999999999787e+00 1.060457629800588969e-01
7.200000000000000178e+00 8.634571725484146976e-02
8.640000000000000568e+00 7.271453726864983425e-02
1.008000000000000007e+01 6.278403309360625073e-02
1.151999999999999957e+01 5.525504316639440888e-02
1.296000000000000085e+01 4.936489227562716742e-02
1.440000000000000036e+01 4.463980185239699305e-02
1.583999999999999986e+01 4.077124331397131290e-02
1.728000000000000114e+01 3.755020816514464954e-02
1.871999999999999886e+01 3.483031507397518073e-02
2.016000000000000014e+01 3.250610320837365314e-02
2.160000000000000142e+01 3.049972779076584248e-02
2.303999999999999915e+01 2.875251048102756696e-02
2.448000000000000043e+01 2.721940387054331764e-02
2.592000000000000171e+01 2.586526488543796840e-02
2.735999999999999943e+01 2.466228487542568987e-02
2.880000000000000071e+01 2.358817908306752240e-02
3.023999999999999844e+01 2.262488652172989223e-02
3.167999999999999972e+01 2.175762023286444483e-02
3.311999999999999744e+01 2.097416268452485105e-02
3.456000000000000227e+01 2.026433566035556327e-02
3.600000000000000000e+01 1.961959631050751857e-02
3.743999999999999773e+01 1.903272573570044188e-02
3.888000000000000256e+01 1.849758633571789435e-02
4.032000000000000028e+01 1.800893087999584294e-02
4.175999999999999801e+01 1.756225091840865268e-02
4.320000000000000284e+01 1.715365542601835283e-02
4.464000000000000057e+01 1.677977290866197735e-02
4.607999999999999829e+01 1.643767187863376736e-02
4.752000000000000313e+01 1.612479583687985094e-02
4.896000000000000085e+01 1.583890980289592160e-02
5.039999999999999858e+01 1.557805610734612489e-02
5.184000000000000341e+01 1.534051766903102298e-02
5.328000000000000114e+01 1.512478736215071111e-02
5.471999999999999886e+01 1.492954237385255185e-02
5.615999999999999659e+01 1.475362267887398750e-02
5.760000000000000142e+01 1.459601293444785612e-02
5.903999999999999915e+01 1.445582723682812404e-02
6.047999999999999687e+01 1.433229628992168173e-02
6.192000000000000171e+01 1.422475662337582131e-02
6.335999999999999943e+01 1.413264156719269173e-02
6.479999999999999716e+01 1.405547374641280024e-02
6.623999999999999488e+01 1.399285890561477973e-02
6.768000000000000682e+01 1.394448091123045262e-02
6.912000000000000455e+01 1.391009781178631846e-02
7.056000000000000227e+01 1.388953886359651710e-02
7.200000000000000000e+01 1.388270245331580700e-02
7.343999999999999773e+01 1.388955487008122942e-02
7.487999999999999545e+01 1.391012989955343025e-02
7.631999999999999318e+01 1.394452923074413452e-02
7.776000000000000512e+01 1.399292368476234491e-02
7.920000000000000284e+01 1.405555529318804585e-02
8.064000000000000057e+01 1.413274027336588676e-02
8.207999999999999829e+01 1.422487296923363384e-02
8.351999999999999602e+01 1.433243085018674409e-02
8.495999999999999375e+01 1.445598068789855431e-02
8.640000000000000568e+01 1.459618606313311737e-02
8.784000000000000341e+01 1.475381639284667305e-02
8.928000000000000114e+01 1.492975771408807523e-02
9.071999999999999886e+01 1.512502551769115931e-02
9.215999999999999659e+01 1.534077999448895009e-02
9.359999999999999432e+01 1.557834414366334602e-02
9.504000000000000625e+01 1.583922530199746020e-02
9.648000000000000398e+01 1.612514079102174078e-02
9.792000000000000171e+01 1.643804855544627949e-02
9.935999999999999943e+01 1.678018389315111963e-02
1.007999999999999972e+02 1.715410367112798345e-02
1.022399999999999949e+02 1.756273980619016059e-02
1.036800000000000068e+02 1.800946429601969073e-02
1.051200000000000045e+02 1.849816876014447747e-02
1.065600000000000023e+02 1.903336235548196489e-02
1.080000000000000000e+02 1.962029315862648740e-02
1.094399999999999977e+02 2.026509978997701258e-02
1.108799999999999955e+02 2.097500238868259606e-02
1.123199999999999932e+02 2.175854532416571924e-02
1.137600000000000051e+02 2.262590869208077130e-02
1.152000000000000028e+02 2.358931237141551757e-02
1.166400000000000006e+02 2.466354628328082735e-02
1.180799999999999983e+02 2.586667519754316455e-02
1.195199999999999960e+02 2.722098876491056349e-02
1.209599999999999937e+02 2.875430205430207220e-02
1.224000000000000057e+02 3.050176669120180373e-02
1.238400000000000034e+02 3.250844167652702094e-02
1.252800000000000011e+02 3.483302137087038175e-02
1.267199999999999989e+02 3.755337317481593357e-02
1.281599999999999966e+02 4.077499064630289022e-02
1.295999999999999943e+02 4.464430374202120466e-02
1.310399999999999920e+02 4.937039535381680666e-02
1.324799999999999898e+02 5.526191148660041658e-02
1.339199999999999875e+02 6.279282183092228797e-02
1.353600000000000136e+02 7.272612075265588727e-02
1.368000000000000114e+02 8.636150798548999918e-02
1.382400000000000091e+02 1.060680519673709160e-01
1.396800000000000068e+02 1.365275668261648201e-01
1.411200000000000045e+02 1.879292664207184715e-01
1.425600000000000023e+02 2.852258390830011425e-01
