0.000000000000000000e+00 4.999598216431315190e-01
1.280000000000000027e+00 3.779299422642354994e-02
2.560000000000000053e+00 5.782668639779395617e-03
3.839999999999999858e+00 2.076944619927050938e-03
5.120000000000000107e+00 1.285222521393140612e-03
6.400000000000000355e+00 9.738053188001930633e-04
7.679999999999999716e+00 7.960098523024026736e-04
8.960000000000000853e+00 6.759810891821731258e-04
1.024000000000000021e+01 5.882220837200476116e-04
1.151999999999999957e+01 5.209901565989112854e-04
1.280000000000000071e+01 4.678014532215367459e-04
1.408000000000000007e+01 4.246913062485496758e-04
1.535999999999999943e+01 3.890744121840527809e-04
1.664000000000000057e+01 3.591858386022207437e-04
1.792000000000000171e+01 3.337771976804198844e-04
1.919999999999999929e+01 3.119396878380312796e-04
2.048000000000000043e+01 2.929956327607378453e-04
2.176000000000000156e+01 2.764292661467121644e-04
2.303999999999999915e+01 2.618410640578831459e-04
2.432000000000000028e+01 2.489167492025934781e-04
2.560000000000000142e+01 2.374057329989780511e-04
2.687999999999999901e+01 2.271057977272609454e-04
2.816000000000000014e+01 2.178520049512328244e-04
2.944000000000000128e+01 2.095085278377489194e-04
3.071999999999999886e+01 2.019625451021376920e-04
3.200000000000000000e+01 1.951196136030345122e-04
3.328000000000000114e+01 1.889001179485711953e-04
3.456000000000000227e+01 1.832365156553152465e-04
3.584000000000000341e+01 1.780711775424396765e-04
3.711999999999999744e+01 1.733546787618929041e-04
3.839999999999999858e+01 1.690444347228903113e-04
3.967999999999999972e+01 1.651036036561430518e-04
4.096000000000000085e+01 1.615001972638922009e-04
4.224000000000000199e+01 1.582063551944130897e-04
4.352000000000000313e+01 1.551977495666194786e-04
4.480000000000000426e+01 1.524530935466741628e-04
4.607999999999999829e+01 1.499537338020859951e-04
4.735999999999999943e+01 1.476833110608428978e-04
4.864000000000000057e+01 1.456274763602132178e-04
4.992000000000000171e+01 1.437736531517137654e-04
5.120000000000000284e+01 1.421108374306560222e-04
5.248000000000000398e+01 1.406294296233267399e-04
5.375999999999999801e+01 1.393210931974937252e-04
5.503999999999999915e+01 1.381786359408750239e-04
5.632000000000000028e+01 1.371959106362921794e-04
5.760000000000000142e+01 1.363677324960010603e-04
5.888000000000000256e+01 1.356898112352443529e-04
6.016000000000000369e+01 1.351586960927316557e-04
6.143999999999999773e+01 1.347717324641248900e-04
6.271999999999999886e+01 1.345270291200252740e-04
6.400000000000000000e+01 1.344234352456265377e-04
6.528000000000000114e+01 1.344605267760204381e-04
6.656000000000000227e+01 1.346386017184180329e-04
6.784000000000000341e+01 1.349586843584919859e-04
6.912000000000000455e+01 1.354225384502607296e-04
7.040000000000000568e+01 1.360326896948269807e-04
7.168000000000000682e+01 1.367924580304466606e-04
7.296000000000000796e+01 1.377060004930647625e-04
7.423999999999999488e+01 1.387783656718839592e-04
7.551999999999999602e+01 1.400155610896492504e-04
7.679999999999999716e+01 1.414246351953065838e-04
7.807999999999999829e+01 1.430137760838638076e-04
7.935999999999999943e+01 1.447924295752105867e-04
8.064000000000000057e+01 1.467714399166583259e-04
8.192000000000000171e+01 1.489632171570774526e-04
8.320000000000000284e+01 1.513819362182548508e-04
8.448000000000000398e+01 1.540437739202087368e-04
8.576000000000000512e+01 1.569671917799230680e-04
8.704000000000000625e+01 1.601732744024134971e-04
8.832000000000000739e+01 1.636861358617275396e-04
8.960000000000000853e+01 1.675334098224131034e-04
9.087999999999999545e+01 1.717468435485686076e-04
9.215999999999999659e+01 1.763630217638073551e-04
9.343999999999999773e+01 1.814242540917421838e-04
9.471999999999999886e+01 1.869796702797647564e-04
9.600000000000000000e+01 1.930865816821253464e-04
9.728000000000000114e+01 1.998121871513417911e-04
9.856000000000000227e+01 2.072357289338946668e-04
9.984000000000000341e+01 2.154512429641856300e-04
1.011200000000000045e+02 2.245711035789269721e-04
1.024000000000000057e+02 2.347306436758061208e-04
1.036800000000000068e+02 2.460942512987624852e-04
1.049600000000000080e+02 2.588635246111695197e-04
1.062400000000000091e+02 2.732883459121745041e-04
1.075199999999999960e+02 2.896821744109469841e-04
1.087999999999999972e+02 3.084435670602619613e-04
1.100799999999999983e+02 3.300871171450566344e-04
1.113599999999999994e+02 3.552890299450766980e-04
1.126400000000000006e+02 3.849561819848284572e-04
1.139200000000000017e+02 4.203343001377502289e-04
1.152000000000000028e+02 4.631843670595873715e-04
1.164800000000000040e+02 5.160852347343867705e-04
1.177600000000000051e+02 5.829895270030357318e-04
1.190400000000000063e+02 6.703540391834797701e-04
1.203200000000000074e+02 7.898449764795164359e-04
1.216000000000000085e+02 9.666877310939875779e-04
1.228799999999999955e+02 1.275582857056832770e-03
1.241599999999999966e+02 2.057648946433969853e-03
1.254399999999999977e+02 5.717146804150230119e-03
1.267199999999999989e+02 3.748190416303733702e-02
1.280000000000000000e+02 4.988666668015601657e-01
